z,u,V,T,rho,Z,PV,chiZ,S_n,Y.H2,Y.H,Y.O,Y.O2,Y.OH,Y.H2O,Y.HO2,Y.H2O2,Y.C,Y.CH,Y.CH2,Y.CH2(S),Y.CH3,Y.CH4,Y.CO,Y.CO2,Y.HCO,Y.CH2O,Y.CH2OH,Y.CH3O,Y.CH3OH,Y.C2H,Y.C2H2,Y.C2H3,Y.C2H4,Y.C2H5,Y.C2H6,Y.HCCO,Y.CH2CO,Y.HCCOH,Y.N,Y.NH,Y.NH2,Y.NH3,Y.NNH,Y.NO,Y.NO2,Y.N2O,Y.HNO,Y.CN,Y.HCN,Y.H2CN,Y.HCNN,Y.HCNO,Y.HOCN,Y.HNCO,Y.NCO,Y.N2,Y.AR,Y.C3H7,Y.C3H8,Y.CH2CHO,Y.CH3CHO
0.000000000000000000e+00,7.756774019999999881e-02,1.972933999999999930e-19,3.000000000000000000e+02,6.516201539999999515e-01,1.000000000000000000e+00,4.439597647804868770e-06,0.000000000000000000e+00,-4.683717333333244359e-01,1.742289369607380673e-05,1.292217429708802875e-14,1.128623919745668158e-15,1.577811619644445288e-10,3.338035889247783945e-14,5.031474998866173735e-07,2.035350249541340329e-16,4.022158429093619479e-15,4.709593138938707730e-13,0.000000000000000000e+00,6.429029638551238113e-18,0.000000000000000000e+00,7.370960138338977838e-13,9.999800787746575548e-01,1.506876299660429921e-07,2.962289669332457152e-08,1.932456549564527115e-16,1.391725349686378903e-12,0.000000000000000000e+00,3.177651499283926107e-15,7.178158078382424808e-13,5.629319228731450765e-13,6.469942328542019240e-09,2.278176479486620346e-18,7.114136748396851181e-10,2.438901099450401129e-14,9.694568987815358670e-11,2.452727089447285409e-17,2.019600289544889592e-12,6.115504998621890444e-13,0.000000000000000000e+00,1.662812569625290251e-13,1.885474289575114256e-14,1.071058829758640206e-10,1.000532329774533120e-28,2.472593609442809270e-10,6.149841508614153264e-14,4.439920818999477876e-14,0.000000000000000000e+00,0.000000000000000000e+00,3.070106939308160819e-11,8.412533048104262320e-17,6.638075368504130737e-14,5.603568808737252777e-13,1.193128149731132440e-14,5.435747488775071348e-12,0.000000000000000000e+00,1.807039509592789317e-06,0.000000000000000000e+00,5.516671648756834755e-16,5.755945048702914505e-17,1.164685129737541922e-15,2.706641409390067224e-15
3.750000000000000078e-04,7.739210080000000214e-02,4.825505139999999860e-01,3.000065950000000043e+02,6.515754910000000066e-01,1.000000000000000000e+00,6.295580659312973332e-06,0.000000000000000000e+00,-1.424726133333331646e+00,2.428745849562206002e-05,1.914486609654903857e-14,2.108965309619848411e-15,3.611187239349064719e-10,7.656674018619843864e-17,1.152313289792289624e-06,4.667569689158646802e-16,7.317872758680915924e-15,4.628036129165771960e-13,0.000000000000000000e+00,1.344074289757723543e-17,0.000000000000000000e+00,1.668098199699316719e-12,9.999699598197503425e-01,3.479390149372821910e-07,7.981194818561348978e-08,5.349121209035792882e-16,3.868138749302748338e-12,0.000000000000000000e+00,3.170191119428556795e-15,2.011969729637332237e-12,5.963106658925119379e-14,1.714489029690954282e-08,9.436325798299052541e-18,1.931445009651847007e-09,6.920001588752634029e-14,2.761035149502309223e-10,5.053734289089037920e-17,6.059833258907683750e-12,1.841484099668062971e-12,0.000000000000000000e+00,1.622302279707571567e-13,1.886290649659986288e-14,2.483586239552320447e-10,2.311432899583352758e-28,5.720730658968808934e-10,1.554571159719780352e-13,9.530633828282054649e-14,0.000000000000000000e+00,0.000000000000000000e+00,8.663593398438342727e-11,2.380128909570969499e-16,6.617663098807132116e-14,1.434353919741450364e-12,3.224078729418842733e-14,1.468874989735227759e-11,0.000000000000000000e+00,4.152004099251580599e-06,0.000000000000000000e+00,1.833281089669542107e-15,3.644755909343013872e-14,3.513103669366745420e-15,7.549917538639089382e-15
7.500000000000000156e-04,7.685782850000000277e-02,9.651459770000000438e-01,3.000209320000000162e+02,6.515028069999999616e-01,1.000000000000000000e+00,9.019429203133223611e-06,0.000000000000000000e+00,-2.374305333333345480e+00,3.385056051196543752e-05,1.905390930673514743e-14,4.097948071448536185e-15,8.258756142919292121e-10,3.155071431115249349e-18,2.637074910932148706e-06,1.070924200378548601e-15,1.487823100525913232e-14,4.486258951585795111e-13,9.207817913254764355e-27,3.027547731070172303e-17,6.020639482128165490e-27,3.774881771334339403e-12,9.999529073534616508e-01,8.027927272837699569e-07,2.148353600759396668e-07,1.160789360410314158e-15,1.074074590379662240e-11,0.000000000000000000e+00,3.172886241121546877e-15,5.633859461991446775e-12,4.693188961658940793e-15,4.539021791604445816e-08,2.508034970886535857e-17,5.238867771851826936e-09,1.960689800693061369e-13,7.867540352781004809e-10,1.226884370433677053e-16,1.820760930643599569e-11,5.539583641958123222e-12,0.000000000000000000e+00,1.555209490549732828e-13,1.888346450667489464e-14,5.754610352034129721e-10,5.283807691867711432e-28,1.322591050467507390e-09,3.926316791387868068e-13,2.315622240818522361e-13,0.000000000000000000e+00,0.000000000000000000e+00,2.442527890863380467e-10,9.091413243213618719e-16,6.578870472325488687e-14,3.792629831340612496e-12,8.704117093076716696e-14,3.965333861401659643e-11,0.000000000000000000e+00,9.532909823369676924e-06,0.000000000000000000e+00,6.085210512150991012e-15,1.574529710556562216e-13,1.076745590380606295e-14,2.217442130783817962e-14
1.124999999999999915e-03,7.596746399999999844e-02,1.447842049999999992e+00,3.000519739999999729e+02,6.513792849999999746e-01,1.000000000000000000e+00,1.312178538782557074e-05,1.836079579051158974e-04,-3.310982666666664631e+00,4.714651757719440646e-05,1.816054339121542644e-14,7.848457496203563697e-15,1.883925949088712158e-09,5.267948157451801031e-18,6.019464107088280373e-06,2.449047448815353274e-15,3.215483248444614141e-14,4.248988747944689870e-13,1.463932839291869988e-26,6.899455306662612371e-17,2.353047078861790256e-26,7.935429866161494146e-12,9.999224355163199851e-01,1.847475689106343613e-06,5.764749897211489408e-07,2.487314268796842563e-15,2.972744838562030920e-11,0.000000000000000000e+00,3.210812328446873866e-15,1.572420399239392429e-11,2.707010898690571675e-16,1.198007039420502808e-07,6.302212026951509190e-17,1.416502849314812775e-08,5.536265677322010811e-13,2.233064408919827582e-09,3.091343568504662884e-16,5.456034827360820245e-11,1.660632399196722863e-11,0.000000000000000000e+00,1.448304099299429813e-13,1.892852379084393945e-14,1.329893919356706946e-09,1.154660169441470634e-27,3.049804388524755914e-09,9.887589375217200666e-13,5.952499477120671806e-13,0.000000000000000000e+00,0.000000000000000000e+00,6.863433156680036745e-10,2.985549288555837762e-15,6.506504076852690220e-14,1.012757189510111705e-11,2.342491858866896040e-13,1.067092849483828505e-10,0.000000000000000000e+00,2.183115738943988856e-05,0.000000000000000000e+00,2.012232499026648022e-14,5.578337257301660052e-13,3.255731578425145802e-14,6.612474616801430044e-14
1.500000000000000031e-03,7.472584549999999881e-02,1.930763000000000007e+00,3.001187410000000000e+02,6.511603599999999936e-01,9.999964069602645944e-01,1.951934390507191813e-05,4.893981685686428496e-02,-4.223009333333343385e+00,6.557033221546708802e-05,1.705052370402197355e-14,1.436214040338782097e-14,4.276559481008777906e-09,9.667536402280431870e-18,1.367307200322527920e-05,5.564436381312570684e-15,7.137709471683683216e-14,3.872755920913526956e-13,2.088057580492542513e-26,1.559128610367775837e-16,3.428175500808656894e-26,1.684864220397435086e-11,9.998648612358537191e-01,4.230715310997964744e-06,1.537832500362752517e-06,5.292041521248316792e-15,8.178159041929109399e-11,0.000000000000000000e+00,3.355603280791538435e-15,4.362005551028933524e-11,1.131119750266814715e-17,3.143808200741578901e-07,1.547225250364967894e-16,3.807429540898117524e-08,1.553629160366478488e-12,6.296055041485148301e-09,7.653084521805252252e-16,1.624831920383274379e-10,4.946082811166709123e-11,0.000000000000000000e+00,1.287372040303672203e-13,1.902063500448669362e-14,3.058145500721372264e-09,2.476900160584265129e-27,6.997978861650721373e-09,2.476319690584127884e-12,1.560239980368038072e-12,0.000000000000000000e+00,3.251276200766929135e-15,1.916781750452140864e-09,8.892977212097725614e-15,6.375054201503783136e-14,2.701747070637303038e-11,6.267276391478360157e-13,2.854788470673403012e-10,0.000000000000000000e+00,4.975113561173557115e-05,0.000000000000000000e+00,6.607992781558729955e-14,1.871573760441477461e-12,9.702313522288635995e-14,1.971541600465058180e-13
1.874999999999999931e-03,7.314221699999999549e-02,2.414184049999999804e+00,3.002609899999999925e+02,6.507582480000000391e-01,9.999377462334301248e-01,2.993636154389736211e-05,3.255729565700324901e-01,-5.088388000000001021e+00,9.097720523582565545e-05,1.568155810617519637e-14,2.443006100962024851e-14,9.635750323794435174e-09,1.666465560656232606e-17,3.082585751213882865e-05,1.252356320493161969e-14,1.595898740628444356e-13,3.320939621307743394e-13,2.675164241053445641e-26,3.429880371350643530e-16,4.752175841871346452e-26,3.635145641431474483e-11,9.997510053936892183e-01,9.615614863786506639e-06,4.066245251601235060e-06,1.108685700436586175e-14,2.229442250877925920e-10,0.000000000000000000e+00,3.804966861498347960e-15,1.198999760472150880e-10,3.395815811337228801e-19,8.178418873220557297e-07,3.676732261447850138e-16,1.014319290399425915e-07,4.319907121701124426e-12,1.758332750692409021e-08,1.816843420715450230e-15,4.792532881887238004e-10,1.458934910574510075e-10,0.000000000000000000e+00,1.064588250419221243e-13,1.920078470756102383e-14,6.979016002748247330e-09,5.181805312040528978e-27,1.593651050627559448e-08,6.150322002421918931e-12,4.097204541613426756e-12,0.000000000000000000e+00,1.165679360459029718e-14,5.303840812088584981e-09,2.514224400990069401e-14,6.144840082419759850e-14,7.156849972818276853e-11,1.661980830654466944e-12,7.570016452980975489e-10,0.000000000000000000e+00,1.125331140443141007e-04,0.000000000000000000e+00,2.147684390845730706e-13,6.131108522414352222e-12,2.851874601123031951e-13,5.833590162297193003e-13
2.249999999999999830e-03,7.123407149999999577e-02,2.898707710000000048e+00,3.005602850000000217e+02,6.500007009999999585e-01,9.997864457096080626e-01,4.772487331436657532e-05,3.052891500896826926e+00,-6.265248266666651134e+00,1.257904320222846459e-04,1.390552660246346114e-14,3.727683940660385224e-14,2.148915310380695208e-08,2.604121600461338303e-17,6.878083581218500850e-05,2.785083560493396876e-14,3.555275860629841881e-13,2.600292780460659881e-13,3.031747260537095597e-26,7.139096461264740093e-16,6.518973791154882144e-26,7.888983081397589273e-11,9.995187291770717408e-01,2.162925500383177375e-05,1.062263490188187313e-05,2.268765180401927377e-14,6.002583541063399840e-10,8.006234741418361467e-20,5.089719820901679289e-15,3.254753040576602016e-10,6.937582591229041414e-21,2.102397210372454174e-06,8.222225511456625069e-16,2.669527260472925298e-07,1.186204990210144495e-11,4.848466220858939905e-08,4.047622020717064820e-15,1.395103330247152279e-09,4.246998810752385586e-10,0.000000000000000000e+00,7.928095471404516919e-14,1.954174920346195574e-14,1.576069300279211447e-08,1.041275590184469237e-26,3.591732660636300232e-08,1.510166560267536392e-11,1.068237310189245719e-11,0.000000000000000000e+00,1.858509480329247739e-14,1.449239930256742955e-08,6.886125441219924569e-14,5.761686291020723365e-14,1.874280560332042010e-10,4.354264950771387621e-12,1.983201950351338077e-09,0.000000000000000000e+00,2.519371100446324068e-04,0.000000000000000000e+00,6.883187231219404509e-13,1.972519080349445231e-11,8.259497311463227006e-13,1.704603500301982344e-12
3.000000000000000062e-03,6.653513530000000620e-02,3.874248740000000080e+00,3.021176070000000209e+02,6.464364000000000221e-01,9.988598251105346160e-01,1.251850395560470924e-04,3.455882515958586509e+01,-7.461826400000012072e+00,2.328126660130449188e-04,8.541865890478616947e-15,5.662482280317279113e-14,8.696309100487269777e-08,4.550379390254965769e-17,2.784202240156004294e-04,1.122001760062867773e-13,1.443424260080877744e-12,9.775069890547715316e-14,2.623546890147002257e-26,2.242019280125624744e-15,1.791920680100404726e-25,3.108204040174158416e-10,9.983078800559370691e-01,8.866225920496791351e-05,5.410421700303156070e-05,7.813082120437780682e-14,3.189585710178718639e-09,1.794911080100571854e-17,1.430997310080181353e-14,1.749477730098026549e-09,2.808542540157367627e-22,1.046617690058644020e-05,2.507665540140509534e-15,1.373952720076985036e-06,6.481541240363172694e-11,2.664203670149279835e-07,1.425686560079883849e-14,8.262130770462943834e-09,2.515176980140930259e-09,6.159633080345135819e-15,2.555654600143198197e-14,2.108217110118127243e-14,6.495733890363966856e-08,2.777051040155603631e-26,1.476578710082735462e-07,7.038446360394377585e-11,5.446822840305195267e-11,3.454625200193568920e-14,1.879114550105290220e-14,7.861454560440490908e-08,3.703155670207494429e-13,4.362577610244443321e-14,9.583384670536974601e-10,2.226829880124773537e-11,1.014192580056827169e-08,4.139919430231968230e-15,1.025608340057466896e-03,0.000000000000000000e+00,4.644373670260233311e-12,1.335381570074823923e-10,4.854447960272003373e-12,1.015085570056877045e-11
3.749999999999999861e-03,6.093876549999999864e-02,4.870478819999999764e+00,3.067175609999999892e+02,6.368068930000000405e-01,9.957421866491132922e-01,3.308898052776372252e-04,3.093132101391847755e+02,-7.863834400000002667e+00,4.097277491902300115e-04,5.680141742637198807e-15,3.691954471714115104e-14,2.935882141363083042e-07,8.511558413951779372e-17,9.387468484358450858e-04,3.882136361802413584e-13,4.895487202272895801e-12,1.605739060745518943e-14,7.648014473550851901e-27,3.037216271410131032e-15,7.045905933271300940e-25,1.037115060481515844e-09,9.945968224617752762e-01,3.025425971404656464e-04,2.207683141024991758e-04,2.117486410983114987e-13,1.347194330625480719e-08,8.519526143955478217e-17,5.239827362432767308e-14,7.460627263463850979e-09,1.843334620855830791e-23,4.190762381945703881e-05,6.455069962996985325e-15,5.654141352625127123e-06,2.806341241302939427e-10,1.157887660537588819e-06,2.440174281132933700e-14,3.820915651773990085e-08,1.163168490540040415e-08,1.857396010862359092e-14,3.532360331640018563e-15,2.499403241160432610e-14,2.223273541032229984e-07,7.552717403506606092e-26,5.050373552344807578e-07,2.667785101238610051e-10,2.230499211035584836e-10,5.499733072553437432e-13,6.538464233035704177e-15,3.377709521568216374e-07,1.568143020728063440e-12,2.400420541114476699e-14,3.923558631821645623e-09,9.117296544233014670e-11,4.152331941927860874e-08,5.780946642684001418e-15,3.481194741616262713e-03,0.000000000000000000e+00,2.398786571113718399e-11,6.907038673206827689e-10,2.229227591034994561e-11,4.716456502189775241e-11
4.499999999999999660e-03,5.504088969999999803e-02,5.918561409999999690e+00,3.191069190000000049e+02,6.133183620000000058e-01,9.864151109899559344e-01,8.664808790698851201e-04,1.512885560494820311e+03,-7.268041066666650174e+00,6.848627081908798030e-04,6.620640721845255412e-15,9.042735132520322219e-15,8.880174152475014126e-07,4.657934861298224498e-16,2.825343110787458326e-03,1.348709800375901992e-12,1.488428470414843310e-11,1.111512640309792490e-15,2.444964730681442098e-27,1.370036810381846203e-15,2.579004620718800184e-24,3.151310570878309271e-09,9.839901292742503358e-01,9.246136602577012878e-04,7.983822522225190619e-04,5.973869061664991599e-13,5.026915951401064086e-08,3.687156831027656519e-16,1.919242760534916525e-13,2.809893070783151949e-08,1.083122920301879817e-25,1.488615950414895754e-04,2.412039630672265401e-14,2.060400780574259193e-05,1.077196110300227895e-09,4.447936531239695785e-06,1.753265170488656842e-14,1.556577380433837363e-07,4.738541311320690608e-08,4.954540701380891660e-15,3.844111461071401589e-16,3.417297430952442773e-14,6.789715631892376984e-07,4.312314121201895815e-25,1.546746010431097189e-06,8.988181012505117133e-10,8.104535102258834319e-10,2.025653300564574440e-12,7.924600982208684365e-16,1.280901760357003126e-06,5.876584401637876686e-12,7.846720082186979418e-15,1.423464270396737163e-08,3.307799510921924827e-10,1.506478250419874105e-07,1.886171480525699441e-15,1.059790470295376812e-02,0.000000000000000000e+00,1.090139290303835394e-10,3.135349130873860467e-09,9.052877762523149197e-11,1.930153010537957342e-10
4.874999999999999993e-03,5.231537430000000183e-02,6.486313130000000093e+00,3.317660769999999957e+02,5.917386070000000275e-01,9.761012966629335486e-01,1.415016813070507033e-03,4.256042451659533072e+03,-6.389674400000002308e+00,8.668200377926858899e-04,1.222088469707717789e-14,3.417858299182563986e-15,1.528950639634326541e-06,1.332548829681299349e-15,4.834623878843720586e-03,2.998006829282977887e-12,2.571172949385062387e-11,1.142300719726800323e-16,1.265458589697344982e-27,7.085541208305378012e-16,7.909927418108211924e-24,5.575597798666505216e-09,9.724921347674126970e-01,1.601853959616890595e-03,1.526600309634888828e-03,1.180629999717633122e-12,9.781881507660503892e-08,9.962844217617223174e-16,3.728671079108227670e-13,5.499774788684639020e-08,1.662535699602377397e-25,2.815729179326573010e-04,7.626524978175993581e-14,3.956113449053831073e-05,2.147563569486375388e-09,8.825943797889133040e-06,1.340208099679467440e-14,3.201429249234325917e-07,9.745788207669136262e-08,1.408159739663215791e-15,5.146075768769231803e-16,4.278462358976736568e-14,1.172116349719669348e-06,2.159445499483533933e-24,2.682735559358380153e-06,1.645056169606558162e-09,1.554482729628220111e-09,3.608947649136861812e-12,1.092134059738798434e-16,2.516924689398036535e-06,1.145050449726142663e-11,3.289674969213221254e-15,2.727030959347786427e-08,6.337016338484399288e-10,2.886077959309747429e-07,5.978393098570170811e-16,1.833920069561388241e-02,0.000000000000000000e+00,2.412583469422991485e-10,6.904438108348690916e-09,1.864665619554034840e-10,3.981057829047865332e-10
5.250000000000000326e-03,4.991924639999999885e-02,7.102965059999999831e+00,3.517892029999999863e+02,5.613559609999999589e-01,9.588023664971021542e-01,2.291399498227728992e-03,1.014553147189319316e+04,-5.726166933333340481e+00,1.077270799728352732e-03,2.870098539276268656e-14,3.573981189098776439e-15,2.584700609348235139e-06,3.569127689099999735e-15,8.089063647960241521e-03,7.087005628212922989e-12,4.362122118900036636e-11,7.994218697984157317e-18,1.147213379710715891e-27,8.092924717959267826e-16,3.915885869012560835e-23,9.848368307516609929e-09,9.533769827595940383e-01,2.726269609312536972e-03,2.878502339274149804e-03,2.492596969371460803e-12,1.875124899527163668e-07,2.944815949257428205e-15,7.029620208227393437e-13,1.060940209732470537e-07,1.896138929521864653e-24,5.248711938676471926e-04,2.825608329287487500e-13,7.487418038111953451e-05,4.244378028929726610e-09,1.730528409563625530e-05,1.960147189505724353e-14,6.513565618357522646e-07,1.982853929499998582e-07,2.751395159306201551e-16,1.694718299572655475e-15,5.575128788594161588e-14,1.980268489500650531e-06,1.641862949585984006e-23,4.570836448847406917e-06,2.958968149253859098e-09,2.940570429258498303e-09,6.199050568436832218e-12,8.828891087773684668e-18,4.873470838771093372e-06,2.191963789447268997e-11,1.108163459720562801e-15,5.151819208700904428e-08,1.197172829698117856e-09,5.452301378625134669e-07,1.333243699663806139e-16,3.121907279212772154e-02,0.000000000000000000e+00,5.320939418658258590e-10,1.512367149618637624e-08,3.804218459040718733e-10,8.124082397951410773e-10
5.624999999999999792e-03,4.777193379999999934e-02,7.778195720000000257e+00,3.811067439999999920e+02,5.233356200000000014e-01,9.320936098503114220e-01,3.583338817053566012e-03,2.020130819598874223e+04,-5.832889866666667089e+00,1.307847349485770621e-03,8.266313706749788759e-14,8.519708926650157331e-15,4.186204008354036873e-06,8.514553466652185199e-15,1.290586869492557458e-02,1.744733349313992676e-11,7.089422957212527906e-11,4.055158298405562158e-19,8.974119106471488986e-27,2.187617529139856330e-15,2.710746568934168337e-22,1.709889239327692933e-08,9.240240066366852689e-01,4.445511228252080511e-03,5.163961137969595716e-03,5.425209237866875632e-12,3.406937708660434696e-07,9.639761796209767056e-15,1.218541209520884860e-12,1.939476409237422115e-07,2.562133048992601417e-23,9.313427696338076817e-04,1.148834889548292519e-12,1.346654259470512430e-04,8.005038366852520564e-09,3.220235208733843852e-05,5.570177347809875811e-14,1.253119439507289108e-06,3.814719758500100082e-07,3.948182408447623579e-17,6.561235077420204941e-15,7.489505767055220564e-14,3.191114108745293879e-06,1.742331159314937111e-22,7.459820587066891420e-06,5.064070878008870034e-09,5.290460487919857750e-09,1.005911539604488137e-11,4.272167448320237070e-19,8.935146826486812323e-06,3.934746048452907573e-11,3.056384298798268124e-16,9.256857356360318914e-08,2.151101859154213779e-09,9.796791506148024358e-07,3.966520728440413513e-17,5.102750827993662863e-02,0.000000000000000000e+00,1.107772069564437822e-09,3.119481928773458512e-08,7.339462357114214556e-10,1.567103449383834568e-09
6.000000000000000125e-03,4.558460009999999729e-02,8.511311299999999136e+00,4.206583259999999882e+02,4.812635809999999958e-01,8.944053559436834222e-01,5.320320861135077219e-03,3.359958570648099703e+04,-7.059968266666670544e+00,1.545722470593926699e-03,2.733730951050405830e-13,2.090965100803429815e-14,6.404909782461015033e-06,1.795609850689942985e-14,1.936386540744034976e-02,4.281106661644967607e-11,1.088109300418093956e-10,1.619535370622288602e-20,8.846028933398988434e-26,6.205515542384400640e-15,2.559675380983526956e-21,2.901483051114862381e-08,8.827436283391844052e-01,6.846163822630562355e-03,8.648655463323148829e-03,1.185283680455432153e-11,5.750773292209671103e-07,3.456012041327934085e-14,1.883597920723751474e-12,3.292375301265058419e-07,3.569160861371410355e-22,1.544169480593329856e-03,4.779111411836319862e-12,2.257654920867478731e-04,1.414069220543340387e-08,5.569353612139962476e-05,1.727504720663774443e-13,2.228531750856288589e-06,6.783999022606676150e-07,4.527553091739661761e-18,2.620083221006737641e-14,1.040118860399654144e-13,4.835536931858001116e-06,2.209042100848800052e-21,1.149498930441682175e-05,8.089155283108168248e-09,8.880003903412042629e-09,1.519304520583776076e-11,1.342019810515656156e-20,1.519611830583893943e-05,6.384359682453119588e-11,7.207695532769475349e-17,1.551963500596324773e-07,3.606454281385739832e-09,1.642491870631109313e-06,5.363006932060674818e-17,7.898266633034821405e-02,0.000000000000000000e+00,2.115814760812978401e-09,5.897583642266081037e-08,1.304389950501197279e-09,2.791612731072646047e-09
6.374999999999999591e-03,4.293711199999999950e-02,9.287754169999999476e+00,4.700925310000000081e+02,4.395116350000000116e-01,8.458001003637881654e-01,7.446455217154257511e-03,4.733903743001443945e+04,-9.343621599999991645e+00,1.776813668832577129e-03,9.411354503816440551e-13,4.573176126995277997e-14,9.209736223948910574e-06,3.360924007791766537e-14,2.721013208212207796e-02,9.836189323537311638e-11,1.568934658969160134e-10,5.530742816366126621e-22,8.008853114737928944e-25,1.526822668996829076e-14,2.617954038279921061e-20,4.814651516836620984e-08,8.296201084549132965e-01,9.904280303492572768e-03,1.343414139117334212e-02,2.387250418431500639e-11,8.959561154113284367e-07,1.297388799147574427e-13,2.565794138314191778e-12,5.155672866612559692e-07,4.375593977125096462e-21,2.376646278438467649e-03,1.870822068770810541e-11,3.504781437697247369e-04,2.324325288472844723e-08,8.887161314160852690e-05,4.782272946857894934e-13,3.636035277611009294e-06,1.106849619272764550e-06,8.585561944359013047e-19,9.778220883575398537e-14,1.533198458992640143e-13,6.860288135492572569e-06,2.747538838194779636e-20,1.663452468907058985e-05,1.194177619215387438e-08,1.381185039092517536e-08,2.111563558612635689e-11,3.294223807835590646e-21,2.381508588435273172e-05,8.917774954140738744e-11,1.531695788993627293e-17,2.411632828415481087e-07,5.604192796317867876e-09,2.552323088323042278e-06,1.300467889145551270e-16,1.151728459243277769e-01,0.000000000000000000e+00,3.639007577609056157e-09,1.011610769335339630e-07,2.099368678620648073e-09,4.550554737010140982e-09
6.749999999999999924e-03,3.943325389999999958e-02,1.008099230000000013e+01,5.281475960000000214e+02,4.012757869999999949e-01,7.881067205936802544e-01,9.833532589143482994e-03,5.779941822141873854e+04,-1.231835919999998730e+01,1.989539119999872690e-03,3.043995449999804669e-12,8.525538949999452963e-14,1.246683399999920071e-05,5.646817419999637629e-14,3.592841119999769933e-02,1.995396799999872169e-10,2.128790539999863540e-10,1.733197309999888835e-23,5.747163769999631213e-24,3.117708029999799757e-14,2.167924059999860772e-19,7.851440509999496337e-08,7.666563669999507669e-01,1.348090299999913505e-02,1.939394919999875427e-02,3.666100269999764744e-11,1.292076399999917021e-06,4.771480229999693798e-13,3.048694739999804350e-12,7.468530799999520862e-07,4.227145809999728569e-20,3.402373559999781992e-03,6.332755639999594241e-11,5.049533279999676152e-04,3.546646839999772211e-08,1.311141089999915874e-04,1.101448859999929263e-12,5.456921049999650308e-06,1.661098819999893511e-06,3.281075739999789134e-18,3.179454039999796211e-13,2.498162289999839511e-13,9.140510109999414300e-06,2.823894349999819152e-19,2.264256079999854560e-05,1.623129039999895922e-08,1.994558979999871986e-08,2.669250629999828709e-11,1.899173319999878212e-20,3.449529559999778164e-05,9.627321369999381998e-11,3.089460779999801586e-18,3.480565159999776817e-07,8.088306249999480741e-09,3.683659549999763679e-06,3.240260339999792093e-16,1.584201239999898370e-01,0.000000000000000000e+00,5.476811219999648332e-09,1.574763659999898928e-07,3.001088139999807278e-09,6.773027429999565375e-09
7.125000000000000257e-03,3.481386919999999996e-02,1.085849759999999975e+01,5.932907410000000255e+02,3.679141499999999954e-01,7.243570414282639591e-01,1.232451232467184597e-02,6.274946803530901525e+04,-1.557075653333335374e+01,2.177061240839523772e-03,8.604428343318061041e-12,1.330203620512956191e-13,1.598228560616312663e-05,9.213287483552849746e-14,4.491826141732149086e-02,3.516802211356158081e-10,2.734376821054436927e-10,5.274310742033892948e-25,2.979537701148976164e-23,5.188822802000925868e-14,1.272194130490586528e-18,1.269236890489445968e-07,6.971598952688404793e-01,1.736554870669654652e-02,2.620879491010669887e-02,3.699195711426493178e-11,1.739187040670669472e-06,1.610815150621166418e-12,3.104475031197155230e-12,1.009196140389168637e-06,3.391876761307983866e-19,4.562981691759587788e-03,1.746883730673637579e-10,6.803184762623460356e-04,4.978603831919860780e-08,1.802051770694911633e-04,2.090159500806012550e-12,7.597578472929796270e-06,2.312597930891789749e-06,2.485113380958314981e-17,8.684689813349010746e-13,4.546894161753384179e-13,1.152279910444344987e-05,2.171386810837335283e-18,2.916374441124619545e-05,2.030983980783192779e-08,2.693130941038531623e-08,3.032650791169457993e-11,1.158909960446901644e-19,4.657855191796173207e-05,6.306807252432047084e-11,6.439998852483407197e-19,4.699707521812312691e-07,1.092167110421164088e-08,4.974035511918098911e-06,7.758698682991928607e-16,2.066251040796792671e-01,0.000000000000000000e+00,6.630017172556682750e-09,2.237883620862978158e-07,3.670631291415477593e-09,9.175773783538384113e-09
7.499999999999999722e-03,2.897483550000000060e-02,1.158854840000000053e+01,6.641215839999999844e+02,3.394420260000000078e-01,6.579336120435005375e-01,1.477788040602067907e-02,6.208493714673342765e+04,-1.879559173333332112e+01,2.337407559439518695e-03,2.098488849496808525e-11,1.773151959574820404e-13,1.955851639531011008e-05,1.836657059559592382e-13,5.366375038713210033e-02,5.449868498693189315e-10,3.350997799196472752e-10,2.136220749487760854e-26,1.115773079732451532e-22,7.147204298286189144e-14,5.273416148735500390e-18,2.054215379507424563e-07,6.248138858501773862e-01,2.133765749488349475e-02,3.346951989197442801e-02,2.876407789310273334e-11,2.208228109470494288e-06,4.730598648865661624e-12,2.669427159359904703e-12,1.285607429691727524e-06,3.089923789259074637e-18,5.787033658612342202e-03,3.903440919064003549e-10,8.656030567924391864e-04,6.273135808495781092e-08,2.330699609441127488e-04,3.450203879172684121e-12,9.922108657620801252e-06,3.019928349275858630e-06,2.030687539513066454e-16,1.979938629525235486e-12,8.863629747874612048e-13,1.386932019667431056e-05,1.236451509703514177e-17,3.582762709140898641e-05,2.343541639438048048e-08,3.431416919177188862e-08,3.122685179251219004e-11,9.692959767675748195e-19,5.927145208578744130e-05,2.297032299449200617e-11,1.943335049534012646e-19,5.994424138562612036e-07,1.393097289665952748e-08,6.344464678478676077e-06,1.873164209550839051e-15,2.573395119382931862e-01,0.000000000000000000e+00,4.994287538802431824e-09,2.925706759298451801e-07,3.527475039154155436e-09,1.119192239731631703e-08
7.875000000000000056e-03,2.192648859999999852e-02,1.224532379999999954e+01,7.394626610000000255e+02,3.152578939999999830e-01,5.918628382995091419e-01,1.709281042602535383e-02,5.720409812705266813e+04,-2.181889573333331001e+01,2.472209201040353587e-03,4.567903181922262500e-11,2.127749920895398487e-13,2.303573720969388699e-05,5.663118282383149413e-13,6.181868062601449804e-02,7.220857743038676813e-10,3.945238581660232551e-10,3.363489391415421431e-26,3.304763011390707887e-22,8.643110273637187499e-14,1.686778650709828767e-17,3.344392621407385397e-07,5.529071612326741381e-01,2.521414981061060115e-02,4.078387161716264669e-02,2.181875160918175187e-11,2.673022181124859393e-06,1.131186650476025392e-11,1.948288280819877379e-12,1.560580520656722428e-06,3.759810931582200772e-17,7.008537042949328569e-03,7.354027563094717152e-10,1.050625100442123278e-03,6.816292842868427774e-08,2.866268031206180809e-04,5.462649932298789199e-12,1.229189920517266976e-05,3.741077101574317883e-06,1.672132920703665982e-15,3.870016531628578029e-12,1.762655360741759382e-12,1.608265590676789393e-05,5.483175142307425914e-17,4.232852431781266260e-05,2.497588561051033690e-08,4.164544181752520951e-08,3.098636161303966323e-11,9.375259743945289667e-18,7.185905403023969151e-05,8.055972933390109236e-12,1.151650900484636790e-19,7.294264063069568257e-07,1.695264300713399771e-08,7.720291003248847361e-06,5.146759182165856453e-15,3.082752571297282529e-01,0.000000000000000000e+00,1.975825550831465841e-09,3.547521401492865964e-07,2.177460530916317729e-09,1.210300740509317929e-08
8.250000000000000389e-03,1.374440269999999999e-02,1.281134770000000067e+01,8.182976929999999811e+02,2.946216099999999782e-01,5.284423120516262840e-01,1.921338549427334050e-02,4.996631736840453959e+04,-2.456005186666664031e+01,2.585080498620027662e-03,9.276088655048221499e-11,2.444341708695157037e-13,2.630818798595611289e-05,2.340603278750534858e-12,6.921023206305407238e-02,7.842900845813287925e-10,4.460879507618685253e-10,3.132781008327653384e-25,8.890871655253857495e-22,1.008408599461689387e-13,4.889494227389880911e-17,5.493380747067513962e-07,4.839295597416677919e-01,2.887021698458844612e-02,4.784411807445976272e-02,1.818634279029173278e-11,3.114557608337381021e-06,1.976886108944694775e-11,1.279176019317147958e-12,1.822698259027003695e-06,4.522527707585776166e-16,8.177812715634504362e-03,1.237035489339643385e-09,1.227689599344632424e-03,6.054323126768070765e-08,3.383638248193739876e-04,9.082656745151478957e-12,1.459209859221041865e-05,4.442163857628675559e-06,1.200501029359146257e-14,6.804161106367790430e-12,3.504828918129045554e-12,1.810962209033268626e-05,2.019419488921989850e-16,4.845944777413128886e-05,2.464516808684387001e-08,4.855659057407942977e-08,3.265540118256783569e-11,7.777272135848322251e-17,8.382168985525414811e-05,3.556337168101549320e-12,7.143477036186655011e-20,8.545115405438429776e-07,1.986129838939760667e-08,9.043981975172123535e-06,1.609765799140671818e-14,3.576052358091024730e-01,0.000000000000000000e+00,8.044002255705936356e-10,4.028587287849452076e-07,7.387784286056239602e-10,1.172517289374084636e-08
8.625000000000000722e-03,4.534383250000000205e-03,1.327758060000000029e+01,8.996930730000000267e+02,2.768662680000000265e-01,4.691695806318076922e-01,2.112010721627580884e-02,4.196386291024270031e+04,-2.698951746666676854e+01,2.680288811409973354e-03,1.828384620961826645e-10,2.869983661509762569e-13,2.932061801542419318e-05,1.000644070526391561e-11,7.579809583987380528e-02,6.954561803658467210e-10,4.740416052493708254e-10,5.351409622815123469e-24,2.640172571388870456e-21,1.311658800690001564e-13,1.591942990837446102e-16,9.144991794810747739e-07,4.194968752206774676e-01,3.223781801695879690e-02,5.444831222864268683e-02,1.748396190919748589e-11,3.521905741852708569e-06,2.418404231272208440e-11,8.351027584393080974e-13,2.065177501086392022e-06,4.428926822329849946e-15,9.264063414873386845e-03,1.978004361040534458e-09,1.391984100732257144e-03,4.250952862236225224e-08,3.865384322033396506e-04,1.656668060871494935e-11,1.674395500880820534e-05,5.100972242683380943e-06,6.853203823605147817e-14,1.124153130591363861e-11,6.990863583677563263e-12,1.993248291048553729e-05,6.550173493445736604e-16,5.410846452846390349e-05,2.266893301192505709e-08,5.478426972881941362e-08,3.887832302045204751e-11,5.212015652741795363e-16,9.485393764989816289e-05,1.933461471017102496e-12,4.697254112471003959e-20,9.712644995109364061e-07,2.257833921187739808e-08,1.027870250540714039e-05,5.107506542686817991e-14,4.040576212125556177e-01,0.000000000000000000e+00,4.196051772207344520e-10,4.334128472279980476e-07,2.275801111197191396e-10,1.068218210561939138e-08
8.999999999999999320e-03,-5.586685800000000361e-03,1.364203690000000080e+01,9.827546869999999899e+02,2.614553259999999879e-01,4.148503012654867761e-01,2.281746747570294331e-02,3.432077660887886304e+04,-2.911546106666663647e+01,2.761918000700876348e-03,3.618919900918352996e-10,3.667507790930682644e-13,3.205563710813457714e-05,4.051175771028044069e-11,8.162369222071318153e-02,5.570372071413561903e-10,4.476879221136072179e-10,1.114118940282723598e-22,1.147509290291196992e-20,2.380705490604138310e-13,6.789978591723055233e-16,1.556227130394914895e-06,3.604713850914747497e-01,3.529272340895604071e-02,6.048967091535012441e-02,1.974914290501162809e-11,3.891274750987466359e-06,2.562191420650192822e-11,6.517033051653790411e-13,2.285193260579900207e-06,3.504026330889197203e-14,1.025264690260175617e-02,3.183436080807842196e-09,1.541131990391084302e-03,2.707699600687117783e-08,4.300922061091420976e-04,3.308322040839534189e-11,1.870498840474665904e-05,5.706771801448175961e-06,3.039509200771319348e-13,1.800113460456804827e-11,1.420726510360529730e-11,2.155646580547026055e-05,1.968239500499468763e-15,5.923637531503207754e-05,1.965705010498825943e-08,6.015692831526568033e-08,5.204728411320775105e-11,2.925559270742402803e-15,1.048259660266010927e-04,1.289037570327111864e-12,5.286512371341528153e-20,1.078001260273558193e-06,2.506804580636137749e-08,1.140578490289438187e-05,1.551913190393820207e-13,4.468738421134006433e-01,0.000000000000000000e+00,2.684936680681341362e-10,4.479571951136755653e-07,9.356909662374449905e-11,9.429937262392981817e-09
9.374999999999999653e-03,-1.650498369999999979e-02,1.390928219999999982e+01,1.067100709999999935e+03,2.478706489999999985e-01,3.657261767917437401e-01,2.432394923276190446e-02,2.760320432211942534e+04,-3.094307173333330852e+01,2.833400930672318532e-03,7.441651701765779523e-10,5.330571721264855605e-13,3.452220090819153777e-05,1.563964150371102716e-10,8.677138092058940544e-02,4.729744621122289445e-10,3.474436740824425381e-10,2.310638650548276367e-21,9.171189472176170206e-20,7.537820441788599407e-13,3.826643880907998905e-15,2.746863620651785153e-06,3.071035020728705156e-01,3.804153340902662050e-02,6.593881641564618146e-02,2.629623320623965515e-11,4.225228431002575949e-06,2.942193700698133371e-11,7.150899841696789959e-13,2.483141410589208048e-06,2.365025600561181214e-13,1.114142700264367583e-02,5.343535411267931767e-09,1.674615720397358261e-03,2.045698000485410037e-08,4.684424481111535560e-04,7.156627431698149070e-11,2.046136660485514230e-05,6.259597131485297399e-06,1.058881900251254812e-12,2.865461320679925969e-11,3.013785510715120720e-11,2.299979750545746657e-05,5.756616541365949617e-15,6.385495161515171176e-05,1.622957800385101037e-08,6.457365131532223979e-08,7.598230911802932948e-11,1.460766910346615733e-14,1.137378750269880950e-04,1.067149270253216721e-12,1.314168350311830140e-19,1.174455970278678805e-06,2.733295300648565076e-08,1.242100580294729691e-05,4.577059301086059152e-13,4.857414001152582927e-01,0.000000000000000000e+00,2.059070820488583004e-10,4.501405901068108569e-07,5.061288741200959595e-11,8.159063321936010074e-09
9.749999999999999986e-03,-2.810863560000000094e-02,1.408748399999999990e+01,1.151776769999999942e+03,2.358726839999999991e-01,3.216710941803239132e-01,2.566305390464147101e-02,1.964275542352545745e+04,-3.312866519999997195e+01,2.897404678259018953e-03,1.634529899017850108e-09,9.040225714567944555e-13,3.674341507792175816e-05,5.911810976447734589e-10,9.133648004511810137e-02,4.680079867187852966e-10,2.171560088695161547e-10,4.687819787183201961e-20,1.223052729265096770e-18,3.857570857682078226e-12,2.663422108399613558e-14,5.116177726925811373e-06,2.592466798442248921e-01,4.050698897566032408e-02,7.081475815744910085e-02,4.119398377524752601e-11,4.532640017276445531e-06,3.980781287608043463e-11,1.102322209337641017e-12,2.661919868400516512e-06,1.432917909138994044e-12,1.193560729282817923e-02,9.431007874333132605e-09,1.792922788922675847e-03,2.066577998758242808e-08,5.010105426989547609e-04,1.682951948988754657e-10,2.201667438677070817e-05,6.769694495932252719e-06,2.955365508224191930e-12,4.622782027222280670e-11,6.879257395866419693e-11,2.428495828540774872e-05,1.703304028976525504e-14,6.800276635913876362e-05,1.279159949231383382e-08,6.796052665916414644e-08,1.182929539289206012e-10,6.828193575897102772e-14,1.216609519268968569e-04,1.125222099323880951e-12,6.525937536078720733e-19,1.261309339242109539e-06,2.941050948232793002e-08,1.332899009199092896e-05,1.365373619179579910e-12,5.206611756871470931e-01,0.000000000000000000e+00,1.884811128867462249e-10,4.416501167346230309e-07,3.520453447884644134e-11,6.950549865823581415e-09
1.050000000000000065e-02,-5.295513450000000066e-02,1.421726089999999942e+01,1.319796239999999898e+03,2.156946489999999883e-01,2.473439459579782340e-01,2.792919264185092856e-02,1.376196368294003332e+04,-3.466461066666679613e+01,3.010234768283176748e-03,8.200868525322810519e-09,3.614021037938820301e-12,4.056283737686584796e-05,7.068785705968468588e-09,9.906086364350275009e-02,6.745044056153107843e-10,9.434780934619073601e-11,2.591536358521972388e-18,2.332070838669952997e-16,1.046395689403210546e-10,1.148908969344744283e-12,1.759132958996716012e-05,1.784971028981979790e-01,4.470265677450478703e-02,7.902822085492794413e-02,1.275733449272412618e-10,5.124708897077231423e-06,1.013046169422230737e-10,4.195518467607176075e-12,2.980665308300041140e-06,3.603075227945063178e-11,1.327474239242903281e-02,2.790589628408446623e-08,1.987825818866285899e-03,3.888637377782198246e-08,5.455232516888724494e-04,9.394096094642277609e-10,2.457994328598135471e-05,7.734412235588842513e-06,1.282101469268780740e-11,1.138647919350596353e-10,3.600445807946562447e-10,2.646459678490648199e-05,1.367213299220239116e-13,7.508084435717924678e-05,6.564224716256234561e-09,7.153529665920137954e-08,2.881657048356508388e-10,1.121665199360282285e-12,1.349395629230400943e-04,2.100373378802096705e-12,2.442104478607197357e-17,1.411041569195242406e-06,3.326372348102874713e-08,1.486049559152463448e-05,1.061673649394496951e-11,5.795409076694711947e-01,0.000000000000000000e+00,2.094659078805355690e-10,3.901392687774924056e-07,2.699783518460236051e-11,4.813666227254628019e-09
1.087499999999999925e-02,-6.595436350000000170e-02,1.418392539999999968e+01,1.400919660000000022e+03,2.073394600000000032e-01,2.162370645415341575e-01,2.889620769280330792e-02,1.079370008646508722e+04,-3.534064186666663687e+01,3.061442200738151084e-03,2.230140530537714131e-08,1.027490800247740588e-11,4.225235841018756383e-05,2.695955760650027887e-08,1.023670990246819679e-01,9.329688512249500355e-10,8.347009952012567230e-11,6.100429711470887870e-17,3.860650410930850399e-15,5.547734661337626642e-10,8.193141101975467440e-12,3.819338940920889708e-05,1.446954940348878504e-01,4.648965031120921854e-02,8.246992631988450673e-02,2.964082930714676592e-10,5.598202761349795165e-06,2.333162460562554093e-10,1.113671690268519917e-11,3.171499170764687578e-06,1.841390980443982017e-10,1.383516230333582675e-02,5.798580321398108350e-08,2.062977070497408819e-03,8.230085401984374859e-08,5.485233931322557868e-04,2.698361190650607644e-09,2.571853000620105356e-05,8.412484092028351703e-06,1.965745980473965486e-11,1.988350900479415832e-10,1.009732960243458837e-09,2.739054490660419687e-05,4.470298391077843748e-13,7.813359251883895767e-05,4.132041420996285953e-09,7.126927401718389218e-08,5.072548981223053774e-10,4.848283981168980822e-12,1.404783700338710362e-04,4.148075851000151691e-12,2.150599520518535891e-16,1.481289180357156989e-06,3.581723490863597022e-08,1.551193240374011833e-05,3.427731070826467682e-11,6.040827171456517597e-01,0.000000000000000000e+00,2.918938940703792135e-10,3.541640770853933177e-07,3.474202500837672910e-11,3.953957150953346939e-09
1.124999999999999958e-02,-7.920710420000000307e-02,1.409477839999999915e+01,1.479504040000000032e+03,1.999115609999999876e-01,1.886883433855607306e-01,2.977158585530844878e-02,8.452492127287698167e+03,-3.577848666666661614e+01,3.109820967844493904e-03,5.870649225930884773e-08,3.097160667853268972e-11,4.387803776958687860e-05,9.463559633440535654e-08,1.053727289269631440e-01,1.267086759121746006e-09,8.114884844375341456e-11,1.092424169242809640e-15,5.631775826096455264e-14,2.669999508149346925e-09,5.105636976461136593e-11,7.798020114594969110e-05,1.147644109204534885e-01,4.809758866666218047e-02,8.552001344072363009e-02,7.109261455072367016e-10,6.421563325549030989e-06,6.035320535816745940e-10,2.974270817938447321e-11,3.440144767615536910e-06,8.307496924241835984e-10,1.432438819007135489e-02,1.199861399168341807e-07,2.119465448530937716e-03,1.850100718717642246e-07,5.294452476330263049e-04,7.498365704802666370e-09,2.698713958129444034e-05,9.465283423439340254e-06,2.650049508163174729e-11,3.279697517726747588e-10,2.726912108109899059e-09,2.821598088044269227e-05,1.378150449044764515e-12,8.095804724388564930e-05,2.307315298400733554e-09,6.946492165185187143e-08,8.431341534155996060e-10,1.893728318687402671e-11,1.453395288992610020e-04,8.392321224183040631e-12,1.820870988737902387e-15,1.556052448921455274e-06,3.965690367251266227e-08,1.610918868883425917e-05,1.040067339279099556e-10,6.257208715662949672e-01,0.000000000000000000e+00,4.076319647174586086e-10,3.241382887753304168e-07,4.864976196627945205e-11,3.263767007737789557e-09
1.162499999999999992e-02,-9.262403669999999534e-02,1.395661409999999947e+01,1.555208609999999908e+03,1.932829570000000052e-01,1.643097492361862144e-01,3.056695425588067117e-02,7.030298962597682475e+03,-3.601708799999995847e+01,3.153811657846232637e-03,1.474587048992990974e-07,9.667451033398007225e-11,4.561406996884972520e-05,3.041945267922627179e-07,1.081203269261636207e-01,1.691844258844623873e-09,8.701795804057462852e-11,1.719409178825799374e-14,7.190386505089619104e-13,1.164726129204597739e-08,2.755124238118500316e-10,1.465519028999183514e-04,8.831765403968705463e-02,4.954545186616495650e-02,8.821992443975379405e-02,1.790775208777062947e-09,8.079563034482391254e-06,1.747761418806437611e-09,7.973931524554528145e-11,3.884948797346932566e-06,3.307830707741051432e-09,1.472340648994524895e-02,2.449902508326938762e-07,2.144489708535508334e-03,4.116837147188573976e-07,4.796685096724299545e-04,2.026132418616335221e-08,2.893069988024295555e-05,1.131631099227198697e-05,3.346785177714449808e-11,5.180589006462127561e-10,7.015566595209004378e-09,2.892840058024452387e-05,3.965950857291615442e-12,8.373286644281805011e-05,1.174592549197859758e-09,6.621120645478375776e-08,1.333187359089553992e-09,6.665458075448096676e-11,1.494683148979267034e-04,1.655258008869608922e-11,1.451377349008840935e-14,1.651046338872485131e-06,4.636373526833777686e-08,1.669188228860096006e-05,2.950195527985284519e-10,6.447688265596813739e-01,0.000000000000000000e+00,5.538940396217406897e-10,3.140108827855590685e-07,7.302352275013155706e-11,2.812931048079023210e-09
1.181250000000000008e-02,-9.937724069999999410e-02,1.387080850000000076e+01,1.592059340000000020e+03,1.902161159999999906e-01,1.531931187236652281e-01,3.093748618160671593e-02,6.194817040665821878e+03,-3.616870026666667570e+01,3.171925808727090422e-03,2.288661149081548937e-07,1.730528019305530321e-10,4.668649648126447967e-05,5.278876117881561241e-07,1.094093239560934988e-01,1.956865549214699866e-09,9.441004386211277857e-11,7.343956607052833311e-14,2.428084589025597428e-12,2.328769819065452955e-08,6.028873597580582524e-10,1.934999169223475095e-04,7.631399526937482358e-02,5.021341917984910308e-02,8.945188136410252289e-02,2.926852678825439540e-09,9.530962346175177730e-06,3.054011598774409889e-09,1.309908579474327197e-10,4.209260988310802670e-06,6.302124647470925864e-09,1.486180519403588335e-02,3.452851378614353448e-07,2.131466579144631820e-03,5.976767897601492718e-07,4.418102518226993576e-04,3.333480138662257699e-08,3.051018718775610727e-05,1.274237519488642144e-05,3.780114608483021247e-11,6.496110287393078123e-10,1.105206699556475035e-08,2.922312688827261238e-05,6.543067287374234980e-12,8.525970556578485243e-05,8.356058266646671564e-10,6.429261317419905334e-08,1.661988889333035570e-09,1.203341889517092936e-10,1.511523259393418063e-04,2.276936259086253938e-11,3.965518278408617751e-14,1.718170429310489569e-06,5.163964097927675584e-08,1.700789379317464641e-05,4.855657108051399992e-10,6.534206157377790980e-01,0.000000000000000000e+00,6.321769817463041820e-10,3.103991018754352803e-07,9.159890906324090076e-11,2.728025358905229921e-09
1.200000000000000025e-02,-1.061588720000000013e-01,1.377467090000000027e+01,1.628351940000000013e+03,1.872812199999999982e-01,1.427579249883791368e-01,3.129063644679361961e-02,5.452072473467203963e+03,-3.635911466666660630e+01,3.186063758831407262e-03,3.489408488720146013e-07,3.118105448856333154e-10,4.799152918239754276e-05,8.953997206715829639e-07,1.106458409594170272e-01,2.269982619167410185e-09,1.058708949611683922e-10,2.872635758946367004e-13,7.790286757142658202e-12,4.477129768357866650e-08,1.257837089538647183e-09,2.480115529090336831e-04,6.511102567611841418e-02,5.084390338135134219e-02,9.060891786676622539e-02,4.824872208230320521e-09,1.150857899577885310e-05,5.323586508047401061e-09,2.143710259213724145e-10,4.597613578313675520e-06,1.162371309573662337e-08,1.494192579451956125e-02,4.784805488245016688e-07,2.093838939232016156e-03,8.394322326921108231e-07,3.957083358548610526e-04,5.449026958001392026e-08,3.260069268804263287e-05,1.454606919466475422e-05,4.372884368396102145e-11,8.184878246997928529e-10,1.708692429373281325e-08,2.946461998919289006e-05,1.056152119612621737e-11,8.696775116810174231e-05,6.158460217741184192e-10,6.235726657712844555e-08,2.066780199241940908e-09,2.112801839225060973e-10,1.525171939440593430e-04,3.070246278873887423e-11,1.042095069617777695e-13,1.803743859338418196e-06,5.845119787856111996e-08,1.735409319363482301e-05,7.843597027123105212e-10,6.615222767573650797e-01,0.000000000000000000e+00,7.074101567405342215e-10,3.015759188893871824e-07,1.159553129574695991e-10,2.760277668987578149e-09
1.218750000000000042e-02,-1.129762059999999957e-01,1.366887290000000021e+01,1.664296669999999949e+03,1.844457630000000126e-01,1.329682768104482327e-01,3.162682383470384606e-02,4.952948041020244091e+03,-3.656817066666662441e+01,3.194072849284544224e-03,5.232290018827994262e-07,5.675995268728607129e-10,4.967922098887211593e-05,1.489693159666316527e-06,1.118331589749499561e-01,2.649798479406458973e-09,1.229618699724571747e-10,1.059601419762654721e-12,2.377387959467477221e-11,8.277060038145981743e-08,2.506460109438565967e-09,3.084422419309104982e-04,5.470428838774652608e-02,5.143532348847874858e-02,9.169720857946030146e-02,7.983500168211738623e-09,1.411912979683738793e-05,9.172037287945511478e-09,3.486398929219064539e-10,5.031679678872929085e-06,2.080762109533920130e-08,1.493723849665413647e-02,6.490348958546195080e-07,2.021975549547088032e-03,1.133602019746078960e-06,3.426608869232457321e-04,8.868442298013514615e-08,3.528487639209636846e-05,1.675290839624743241e-05,5.295528238813828927e-11,1.046512659765586525e-09,2.598207249418014806e-08,2.963394129336215308e-05,1.670799999625749432e-11,8.898630778006752322e-05,4.827055578918763926e-10,6.064424528641599768e-08,2.581435039421771761e-09,3.618364029189505033e-10,1.534685439656238487e-04,4.058219659090979412e-11,2.631417459410576296e-13,1.914614329571136155e-06,6.704794178498160678e-08,1.774792619602455685e-05,1.248150299720420779e-09,6.691085538501231333e-01,0.000000000000000000e+00,7.738666528266579298e-10,2.829784709366143234e-07,1.478237329668882343e-10,2.942961729340791638e-09
1.228125000000000050e-02,-1.164044719999999949e-01,1.361252099999999920e+01,1.682259819999999991e+03,1.830509270000000022e-01,1.283028845497814208e-01,3.178863885577413312e-02,4.635442793805693327e+03,-3.673934933333334385e+01,3.194633587701702949e-03,6.371619025416102174e-07,7.704697234457053396e-10,5.075677976348433887e-05,1.910630398625446075e-06,1.124096049191297964e-01,2.874716887931858813e-09,1.344432969032782491e-10,2.044611948529056406e-12,4.082415487063011091e-11,1.110007669201433527e-07,3.482165987494844953e-09,3.400598907553526481e-04,4.980380406416993339e-02,5.171471976279518046e-02,9.221890523365547376e-02,1.027099229261079954e-08,1.569711488870711140e-05,1.196170109139446176e-08,4.430821986812359402e-10,5.253002786220862235e-06,2.755530168017604699e-08,1.488811498928912895e-02,7.483459724616217338e-07,1.969098478583382848e-03,1.295900029067698000e-06,3.142699047739066164e-04,1.131953929185644773e-07,3.686583937347782133e-05,1.801078868704260040e-05,5.993787605687923020e-11,1.195569769139878209e-09,3.189094447705688310e-08,2.968054897864709108e-05,2.087529838498180251e-11,9.018368933511966643e-05,4.391384056840731694e-10,5.999098105684102758e-08,2.899937567913714370e-09,4.697924516620199284e-10,1.537374448893975474e-04,4.633564456666500712e-11,4.123503707033451281e-13,1.982917168573441009e-06,7.212624194811062716e-08,1.797084108707134095e-05,1.569157438871109972e-09,6.727213325160279478e-01,0.000000000000000000e+00,8.012706454235464008e-10,2.691277688063829147e-07,1.672035458797097087e-10,3.110388727762310570e-09
1.237500000000000058e-02,-1.198487859999999988e-01,1.355395539999999954e+01,1.700265120000000024e+03,1.816655080000000033e-01,1.237895046394518611e-01,3.194620154430971581e-02,4.334774075014762275e+03,-3.694866133333330538e+01,3.192464477655222125e-03,7.729850594322635299e-07,1.050264379228609329e-09,5.202800316178685601e-05,2.442351998206159188e-06,1.129747689170231134e-01,3.127890927702649207e-09,1.483891288910122323e-10,3.868682497158558522e-12,6.926458914912704953e-11,1.474629688916924597e-07,4.786848586484190395e-09,3.720357337267498742e-04,4.511066576686744573e-02,5.198210906182056112e-02,9.272648363189492371e-02,1.319310569031002417e-08,1.746103838717534662e-05,1.551488968860473659e-08,5.613987345876679337e-10,5.470889615981780346e-06,3.624573627337849505e-08,1.480209118912826846e-02,8.561095943712109358e-07,1.903947218601602766e-03,1.463897138924807585e-06,2.850697557906240322e-04,1.442282798940682558e-07,3.859865657165034551e-05,1.936701648577545507e-05,6.943623034900098380e-11,1.375809758989505197e-09,3.899371187136017901e-08,2.969714847818825446e-05,2.596666688092819128e-11,9.153360493277106370e-05,4.081569807002198179e-10,5.951974365628437048e-08,3.269464527598667504e-09,6.068224895543054772e-10,1.538488168870022640e-04,5.267071426131479788e-11,6.394032645303757483e-13,2.060841108486368719e-06,7.775411074289172666e-08,1.821331248662282030e-05,1.967890858554637971e-09,6.762157425033379354e-01,0.000000000000000000e+00,8.237335933949901241e-10,2.522854818147031919e-07,1.891594968610675293e-10,3.336542877549400659e-09
1.246875000000000067e-02,-1.233127229999999991e-01,1.349325310000000044e+01,1.718369840000000067e+03,1.802838109999999883e-01,1.194249542463022701e-01,3.209947453553348151e-02,4.049640894283068519e+03,-3.720223999999987541e+01,3.187060298980414451e-03,9.345609417010207702e-07,1.439109429539608591e-09,5.354147318287132509e-05,3.113822569003844439e-06,1.135289449636805031e-01,3.415534688907322223e-09,1.653975499470870008e-10,7.247718917681352241e-12,1.162041769628246397e-10,1.941594359378856761e-07,6.514958477915773133e-09,4.038376678708066082e-04,4.062858838700234010e-02,5.223612608328893209e-02,9.322151497017712451e-02,1.690974109459033382e-08,1.941398819378919310e-05,2.000771539359925144e-08,7.088996017732129955e-10,5.678553058183350352e-06,4.737287318484475022e-08,1.467255859530604105e-02,9.709184366893893748e-07,1.825742549415919217e-03,1.633015079477575424e-06,2.554932599182641322e-04,1.835352149412844911e-07,4.047269518705221285e-05,2.081632769334056362e-05,8.274001087353030428e-11,1.596973439489105686e-09,4.752347068479657016e-08,2.967806059050557031e-05,3.217061908970816953e-11,9.306907137022589081e-05,3.877563418759512734e-10,5.928293068103455340e-08,3.703258628815275725e-09,7.802845407503760425e-10,1.537800069508036291e-04,5.963421828092217833e-11,9.816583726859537045e-13,2.149611589312308813e-06,8.397261657313597997e-08,1.847773609408871398e-05,2.464085189211704522e-09,6.795954917825878239e-01,0.000000000000000000e+00,8.403010557311757857e-10,2.326756199255637866e-07,2.139367549315586181e-10,3.631742168838154583e-09
1.256250000000000075e-02,-1.268004329999999902e-01,1.343048950000000019e+01,1.736637199999999893e+03,1.789000179999999940e-01,1.152063912846760102e-01,3.224840228652807450e-02,3.778851307753952369e+03,-3.750536533333337985e+01,3.177869179622142947e-03,1.126371099866071293e-06,1.984070999764088568e-09,5.535759059341783806e-05,3.962101639528895266e-06,1.140724059864364898e-01,3.745331329554669802e-09,1.862425109778552667e-10,1.346358439839914458e-11,1.928793859770661379e-10,2.534684739698619085e-07,8.783354008955636652e-09,4.348813109482914472e-04,3.636198359567646698e-02,5.247493669376059044e-02,9.370589628885811484e-02,2.161506769742990887e-08,2.155563049743697743e-05,2.564660549695054865e-08,8.918317818939588244e-10,5.868818409302182185e-06,6.153483859268334887e-08,1.449224869827683317e-02,1.090549889870330591e-06,1.734128529793807494e-03,1.797763749786241042e-06,2.260029259731276513e-04,2.332498629722659776e-07,4.247135769495004201e-05,2.235084369734242234e-05,1.018255829878926625e-10,1.871625359777458727e-09,5.774835949313356957e-08,2.961648509647852220e-05,3.971154969527818547e-11,9.482816468872467413e-05,3.766152199552194345e-10,5.933965999294435265e-08,4.217607259498514798e-09,9.993258888811776247e-10,1.535055569817477938e-04,6.729060399199896057e-11,1.492491999822538637e-12,2.250545319732404037e-06,9.083017298920005756e-08,1.876626769776864199e-05,3.082567549633474700e-09,6.828640529188055863e-01,0.000000000000000000e+00,8.501016808989205693e-10,2.107358409749429332e-07,2.417545519712547592e-10,4.008818989523340549e-09
1.265625000000000083e-02,-1.303165609999999974e-01,1.336573850000000085e+01,1.755135099999999966e+03,1.775083600000000039e-01,1.111313108976126895e-01,3.239291177753436668e-02,3.521339940147511697e+03,-3.786173866666723598e+01,3.164300301089397003e-03,1.353749260466065081e-06,2.755405430948623353e-09,5.755193311981382406e-05,5.035242181733519626e-06,1.146054010394560313e-01,4.127163501420889004e-09,2.119526050729704618e-10,2.482517410854674278e-11,3.169426611091161324e-10,3.282301051130021679e-07,1.173662430404065371e-08,4.645311191599274915e-04,3.231574671112558139e-02,5.269612581814207830e-02,9.418192563242469562e-02,2.754627690948355745e-08,2.388214660822207943e-05,3.267485441124921264e-08,1.117595140384762658e-09,6.034474982077532820e-06,7.945327252735394898e-08,1.425337590490711320e-02,1.211967120417252613e-06,1.629300420560931108e-03,1.951919720672001491e-06,1.970803370678503059e-04,2.960387431019193872e-07,4.457225561534521480e-05,2.395921870824861325e-05,1.297998630446871518e-10,2.216325670763030566e-09,6.998612302409463137e-08,2.950429001015765710e-05,4.886137911682185941e-11,9.685465003334485067e-05,3.740427141287743771e-10,5.975725612057306139e-08,4.833048691663908678e-09,1.275464530439113352e-09,1.529970530526734052e-04,7.573611192607421559e-11,2.247815290773871928e-12,2.365059770814236245e-06,9.838406073387139228e-08,1.908064370656903234e-05,3.855364191327313929e-09,6.860246402361827034e-01,0.000000000000000000e+00,8.524095632934652698e-10,1.870947970644124884e-07,2.728237250939270237e-10,4.483871251543695348e-09
1.274999999999999918e-02,-1.338660989999999884e-01,1.329907260000000058e+01,1.773934240000000045e+03,1.761033409999999966e-01,1.071975292045276723e-01,3.253291714102856530e-02,3.276174035329876915e+03,-3.827291733333349555e+01,3.145734768076969071e-03,1.623158379007741120e-06,3.859950207640359768e-09,6.021984986318678343e-05,6.396288316089861338e-06,1.151281679296205784e-01,4.573994887203854397e-09,2.439154998508911138e-10,4.549136567219050386e-11,5.159919266845670561e-10,4.218454577421201544e-07,1.555373929049178662e-08,4.921124376991649514e-04,2.849498048258062785e-02,5.289656296766361010e-02,9.465238854213769981e-02,3.499561907860670112e-08,2.638638548386964224e-05,4.138056927470349515e-08,1.395037349147194527e-09,6.168664436229010677e-06,1.019923359376506912e-07,1.394785959147348126e-02,1.331367789186116660e-06,1.512109869075626547e-03,2.088835568723065942e-06,1.692101488965595119e-04,3.752812987705854242e-07,4.674803817142228826e-05,2.562528298433491535e-05,1.716184858950872509e-10,2.653211828378055017e-09,8.461768974827204942e-08,2.933176888206908792e-05,5.995418436334918673e-11,9.919870853935847284e-05,3.799362877677397409e-10,6.061359636294608023e-08,5.575903436591373745e-09,1.623332479007634627e-09,1.522229509069440408e-04,8.512009594796492693e-11,3.355080987948993114e-12,2.494685438474964754e-06,1.067009019347722813e-07,1.942194538812709923e-05,4.824289347050846649e-09,6.890801775787558370e-01,0.000000000000000000e+00,8.467265604823844472e-10,1.625301479006430827e-07,3.073655698121032445e-10,5.077322116896163914e-09
1.284374999999999926e-02,-1.374541850000000065e-01,1.323056320000000063e+01,1.793105520000000070e+03,1.746800039999999998e-01,1.034031584821685917e-01,3.266832272907587570e-02,3.042605335244161779e+03,-3.873737599999993364e+01,3.121538919513445511e-03,1.942643179697200311e-06,5.463652999148380721e-09,6.348289039010492118e-05,8.129186748732903541e-06,1.156409379819750421e-01,5.103179119204567364e-09,2.840341219557275764e-10,8.297557418706660947e-11,8.330594718701510703e-10,5.384286859160751113e-07,2.045748829681129248e-08,5.169327959194256394e-04,2.490467489611810845e-02,5.307223999172763079e-02,9.512065708517354612e-02,4.432931329309038999e-08,2.905836859547067250e-05,5.210987319187763633e-08,1.734947649729573736e-09,6.265306829023427306e-06,1.301802189797088149e-07,1.356763119788521356e-02,1.444370299774865987e-06,1.384127969784255908e-03,2.201896159656790386e-06,1.428596909777324786e-04,4.753466069259077569e-07,4.896810689236733580e-05,2.732610409574067961e-05,2.353082619633224800e-10,3.212400869499283318e-09,1.021065239840846574e-07,2.908734919546615357e-05,7.340894648855775693e-11,1.019178039841140863e-04,3.947718229384669096e-10,6.200066399033596209e-08,6.480579998989872234e-09,2.061752109678634469e-09,1.511483669764405113e-04,9.568065958508626205e-11,4.966330049225898222e-12,2.641077269588335138e-06,1.158556319819415922e-07,1.979028519691529040e-05,6.044718239057810062e-09,6.920332778921327588e-01,0.000000000000000000e+00,8.328795858701790474e-10,1.379085199785042098e-07,3.456593639461220494e-10,5.815478199093541267e-09
1.293749999999999935e-02,-1.410858140000000038e-01,1.316028030000000015e+01,1.812716539999999895e+03,1.732342649999999984e-01,9.974654471706470571e-02,3.279903011222216891e-02,2.819955616874103271e+03,-3.924975999999995224e+01,3.091080049385182098e-03,2.322609329538031799e-06,7.832419358442126674e-09,6.749783638657463045e-05,1.034835789794170407e-05,1.161439579768988872e-01,5.738568948858595023e-09,3.349756139333731132e-10,1.510370799699586327e-10,1.335937569734281020e-09,6.830768348641356039e-07,2.673057129468327041e-08,5.383156548929286626e-04,2.154931409571382919e-02,5.321807568941488986e-02,9.559080438098693788e-02,5.602147598885729021e-08,3.188630619365778957e-05,6.529203348701337261e-08,2.150970429572170731e-09,6.319567738743033490e-06,1.652429189671330736e-07,1.310504059739339873e-02,1.546332609692433491e-06,1.247649199751841784e-03,2.285102029545491755e-06,1.184536069764395002e-04,6.020607918802496519e-07,5.120151978981597968e-05,2.902940639422603027e-05,3.341676209335337998e-10,3.935991079217128583e-09,1.230303489755291976e-07,2.875724649428016295e-05,8.976818938214504704e-11,1.050776519790999776e-04,4.196415789165330542e-10,6.402963008726446375e-08,7.593378568489671737e-09,2.615464129479782366e-09,1.497348649702176569e-04,1.078057629785573627e-10,7.299451148548134668e-12,2.806012309441882242e-06,1.259282119749527750e-07,2.018437829598531528e-05,7.591580668490030023e-09,6.948862378617867153e-01,0.000000000000000000e+00,8.111201238386676045e-10,1.141104519773033610e-07,3.881336199227999353e-10,6.732850628660831484e-09
1.303124999999999943e-02,-1.447654790000000025e-01,1.308829240000000027e+01,1.832827539999999999e+03,1.717632410000000109e-01,9.622626304055552360e-02,3.292494121480857294e-02,2.607764751786535726e+03,-3.979970133333336690e+01,3.053738710266655672e-03,2.777217750242509424e-06,1.140397110099580614e-08,7.247032100632818362e-05,1.321342730115380956e-05,1.166375040101849114e-01,6.513927090568802194e-09,4.005740220349785225e-10,2.751889250240297793e-10,2.131884010186158403e-09,8.623341610752999844e-07,3.474056190303357985e-08,5.556447330485194498e-04,1.843259150160955415e-02,5.332765730465662685e-02,9.606774180838872912e-02,7.071040390617450350e-08,3.485859390304388804e-05,8.148471550711533323e-08,2.661216820232380199e-09,6.328343180552597917e-06,2.086483020182193746e-07,1.255330080109616671e-02,1.632946860142590598e-06,1.105612240096543299e-03,2.333772780203787596e-06,9.634891380841329042e-05,7.634977620666694427e-07,5.342129310466480228e-05,3.069029410267991239e-05,4.907151120428496702e-10,4.884845940426550002e-09,1.481354590129353248e-07,2.832498470247336823e-05,1.097632560095846418e-10,1.087536540094964822e-04,4.563665850398503917e-10,6.683843250583640103e-08,8.979176970784070804e-09,3.317799810289713848e-09,1.479399850129182710e-04,1.221421080106655696e-10,1.067169920093186480e-11,2.991368950261209378e-06,1.369978910119628004e-07,2.060096000179889675e-05,9.568605070835539961e-09,6.976409970609187550e-01,0.000000000000000000e+00,7.822157500683039255e-10,9.194513140802874669e-08,4.355555950380331600e-10,7.875818800687725233e-09
1.312499999999999951e-02,-1.484967010000000087e-01,1.301466620000000063e+01,1.853486000000000104e+03,1.702656770000000042e-01,9.284101508887245002e-02,3.304596376396115587e-02,2.405640483100083202e+03,-4.037068799999998703e+01,3.008920138460308754e-03,3.326902048297594527e-06,1.693320379133512652e-08,7.867470085974145769e-05,1.695621169132335707e-05,1.171219099400676728e-01,7.478982566172938290e-09,4.865457087510302297e-10,5.044548747418659372e-10,3.396228068262119849e-09,1.085112939444738064e-06,4.499064887697788065e-08,5.684187247091351553e-04,1.555702669203933193e-02,5.339291837267837182e-02,9.655739065059071313e-02,8.931001015429927398e-08,3.796668168057211300e-05,1.014650179480794493e-07,3.291384158315769473e-09,6.290698256780993384e-06,2.622104908658245791e-07,1.190702469390706938e-02,1.700866169129651610e-06,9.614389835080230755e-04,2.345171868799954461e-06,7.680424616069857387e-05,9.714213275029151141e-07,5.561007687154382331e-05,3.224744078349870167e-05,7.446102806189763391e-10,6.151350946852299168e-09,1.784334629086940097e-07,2.777081118578942831e-05,1.344350869312083684e-10,1.130324759421602739e-04,5.076972587402067288e-10,7.060162236387252071e-08,1.073352029450756174e-08,4.215592247842843876e-09,1.457167569254354418e-04,1.398006479284627684e-10,1.556583309203482534e-11,3.199032168363026465e-06,1.491333089236871476e-07,2.103394098923674639e-05,1.212486709379559785e-08,7.002991736416506185e-01,0.000000000000000000e+00,7.474844736175056080e-10,7.206686006312274920e-08,4.893408557495999336e-10,9.308034185236995613e-09
1.321874999999999960e-02,-1.522814530000000111e-01,1.293946670000000054e+01,1.874720469999999978e+03,1.687423740000000005e-01,8.958960581299707515e-02,3.316200973977927180e-02,2.213244243617102711e+03,-4.093819733333303645e+01,2.956052227689334212e-03,4.002904566871037097e-06,2.578755327984256858e-08,8.648571783239645259e-05,2.192785898285958535e-05,1.175975899080771436e-01,8.710103183191547395e-09,6.017737155296098179e-10,9.373364272673093892e-10,5.426443005758296088e-09,1.364333898933536975e-06,5.820887025449969823e-08,5.762903245495294225e-04,1.292382788989779319e-02,5.340366505825579896e-02,9.706692112412541873e-02,1.132104329115064727e-07,4.120877596778821649e-05,1.263933399012017344e-07,4.080298056810540972e-09,6.208043105147340199e-06,3.282726867433981650e-07,1.116272759127439826e-02,1.748436638633294333e-06,8.187832563599792626e-04,2.318857438187411887e-06,5.995578285313419019e-05,1.243823659027736532e-06,5.776590935484595399e-05,3.361878797372109883e-05,1.168962539086253703e-09,7.883268033837864021e-09,2.153665868316537729e-07,2.707082667883946775e-05,1.653499838707503863e-10,1.180145839077511829e-04,5.776648095484549990e-10,7.554345774094971407e-08,1.300470948983457035e-08,5.377747875796359563e-09,1.430126318882108966e-04,1.627627408727727598e-10,2.275666728221172919e-11,3.430679967318330121e-06,1.623784588730731425e-07,2.147316488321500774e-05,1.548329498789712521e-08,7.028620554505916607e-01,0.000000000000000000e+00,7.087043214460250913e-10,5.490647975708109156e-08,5.520935445684434095e-10,1.111844629130901251e-08
1.331249999999999968e-02,-1.561194089999999868e-01,1.286275589999999980e+01,1.896532609999999977e+03,1.671967050000000010e-01,8.647092484302627835e-02,3.327298464833622349e-02,2.030185761584846887e+03,-4.146704000000023171e+01,2.894565339643147359e-03,4.855335719401416955e-06,4.059991519499469606e-08,9.642985658811178322e-05,2.868646329646343159e-05,1.180650539854445208e-01,1.032990749872649339e-08,7.607390479062133521e-10,1.784108739780048463e-09,8.754519578920711972e-09,1.719772309787980204e-06,7.550839709069105109e-08,5.790427819286135362e-04,1.053296009870145940e-02,5.334686419342320879e-02,9.760510938796689018e-02,1.446490809821671405e-07,4.459237959450249429e-05,1.580992709805089468e-07,5.089557519372540973e-09,6.083653159249985577e-06,4.100383879494489811e-07,1.031930569872779868e-02,1.776136349781031570e-06,6.812149099160173978e-04,2.256284659721837075e-06,4.579954499435366205e-05,1.609382189801589499e-06,5.990459369261474460e-05,3.469718749572240187e-05,1.906509849764958510e-09,1.032953919872653646e-08,2.610730999678139822e-07,2.619576649677048954e-05,2.049896349747281432e-10,1.238178909847352613e-04,6.721600429171336546e-10,8.195257618989659756e-08,1.603334459802335204e-08,6.910905579147998830e-09,1.397676509827689437e-04,1.947263439759934273e-10,3.357101339586124411e-11,3.687309099545415012e-06,1.767325569782117776e-07,2.190247359729978591e-05,1.999205219753530755e-08,7.053306149130443847e-01,0.000000000000000000e+00,6.677592099176761671e-10,4.063201829499074015e-08,6.284744799225194429e-10,1.343182519834407504e-08
1.340624999999999976e-02,-1.600069440000000121e-01,1.278459289999999982e+01,1.918886960000000045e+03,1.656352720000000001e-01,8.348400087804329350e-02,3.337875918395807884e-02,1.855875152883784722e+03,-4.190663466666644155e+01,2.823840500609764350e-03,5.967073691288496428e-06,6.680438281442537156e-08,1.092731770235958372e-04,3.816037720824014154e-05,1.185249060255935960e-01,1.254388330270865640e-08,9.882439262133958951e-10,3.525339650761241952e-09,1.438745340310674711e-08,2.182431790471261997e-06,9.864822442130153830e-08,5.764118741244671261e-04,8.383622431810311762e-03,5.320548781148889267e-02,9.818291492120106989e-02,1.873713240404599066e-07,4.813073131039308353e-05,1.995278370430849159e-07,6.418907501386062448e-09,5.920861931278517566e-06,5.120627491105720120e-07,9.378457602025132636e-03,1.786255010385713829e-06,5.518832411191705025e-04,2.159102090466224261e-06,3.418805360738237317e-05,2.114933120456686855e-06,6.205094301339893984e-05,3.534665630763255903e-05,3.253842910702616665e-09,1.392728240300737916e-08,3.187563100688304120e-07,2.510930990542196230e-05,2.574369120555895028e-10,1.305834290281974422e-04,7.998985071727255961e-10,9.019378281947593155e-08,2.021980770436615208e-08,8.987462041940702089e-09,1.359110160293478594e-04,2.429234440524555267e-10,5.042236911088791954e-11,3.968267330856885264e-06,1.921221340414857558e-07,2.229659230481459851e-05,2.621584280566090397e-08,7.077055021528180223e-01,0.000000000000000000e+00,6.258090741351337085e-10,2.915136470629478116e-08,7.265440161568858643e-10,1.641929690354549132e-08
1.349999999999999985e-02,-1.639356909999999945e-01,1.270503219999999978e+01,1.941696509999999989e+03,1.640688399999999936e-01,8.062818201903869386e-02,3.347911062050577813e-02,1.689328163820652890e+03,-4.218345600000002804e+01,2.743112267034270805e-03,7.476323101916936611e-06,1.164836228740631496e-07,1.261789538635809868e-04,5.194867224383543171e-05,1.189778068713665538e-01,1.570940508301569934e-08,1.328716218563452029e-09,7.327636262077689956e-09,2.432474437370118111e-08,2.799716396973072543e-06,1.303826768590361183e-07,5.676375823862958320e-04,6.475266252999233897e-03,5.295656054274575086e-02,9.881443469316629480e-02,2.477369827321578933e-07,5.182292544397138742e-05,2.552940387239875830e-07,8.226757601105599983e-09,5.719140503816722803e-06,6.406940413073104845e-07,8.345122470977630116e-03,1.780961538074504596e-06,4.332369905316036632e-04,2.025773447809825408e-06,2.484951327313382615e-05,2.836778296933003120e-06,6.420519003058424465e-05,3.540047706172660247e-05,5.861358163662963566e-09,1.945945347896131596e-08,3.930354135750678348e-07,2.376605307430521393e-05,3.295184106437395757e-10,1.384839708502773770e-04,9.740283379469245305e-10,1.007040068911233629e-07,2.622638447164521594e-08,1.189328728714151373e-08,1.313545128579854393e-04,3.219452556519273212e-10,7.788563511579355908e-11,4.269373685384145840e-06,2.083603917747301188e-07,2.261601407554858628e-05,3.509003456206223437e-08,7.099869962323940298e-01,0.000000000000000000e+00,5.817484663710397356e-10,2.016465457819888533e-08,8.596206130706168598e-10,2.029829897805439231e-08
1.359374999999999993e-02,-1.678903900000000005e-01,1.262412289999999970e+01,1.964801310000000058e+03,1.625137530000000108e-01,7.790351590969336881e-02,3.357362612727407547e-02,1.568819819042865674e+03,-4.218971733333331997e+01,2.651318837031826393e-03,9.608753319242919713e-06,2.182637037556519983e-07,1.490040358331887367e-04,7.283311051846272062e-05,1.194244298663033610e-01,2.046363887709078577e-08,1.864021407913212548e-09,1.608535508199231162e-08,4.261558725229149629e-08,3.637016935928329679e-06,1.747040988044173022e-07,5.507879813833883561e-04,4.809036884616243145e-03,5.256781624114989504e-02,9.951843758858829048e-02,3.363145236234931383e-07,5.560254793775249024e-05,3.319369616283938189e-07,1.074462278797130675e-08,5.467947363878588055e-06,8.034100261005757994e-07,7.228196921907973672e-03,1.757637678032310074e-06,3.268994456340333795e-04,1.847839847931328113e-06,1.743958088047624762e-05,3.893669465641005070e-06,6.626909952581118857e-05,3.466401876119334230e-05,1.118377168747967458e-08,2.830568546831155064e-08,4.898631014515942853e-07,2.211004367524762267e-05,4.324956555158175112e-10,1.477362848346080310e-04,1.214664548640173000e-09,1.139424588724404773e-07,3.509275216071337352e-08,1.609841968197768601e-08,1.259797658589646198e-04,4.606738504842718137e-10,1.246670658604341777e-10,4.579464474873251618e-06,2.250782117480230774e-07,2.279873777447662369e-05,4.813997264610690256e-08,7.121748802027143554e-01,0.000000000000000000e+00,5.302324954064003359e-10,1.326870538514557489e-08,1.047747438827038035e-09,2.528988537168776493e-08
1.364062499999999997e-02,-1.698680330000000016e-01,1.258317270000000043e+01,1.976366179999999986e+03,1.617495120000000119e-01,7.659067283830181538e-02,3.361847667164453990e-02,1.489043824535991007e+03,-4.209499733333343841e+01,2.600662909116584209e-03,1.104126559624940524e-05,3.104320658945497296e-07,1.638498139443420845e-04,8.757983417025010987e-05,1.196459439593576257e-01,2.386339089189387538e-08,2.257989599232986285e-09,2.481085459157203170e-08,5.745790208048219794e-08,4.169558828583648058e-06,2.035631469308518946e-07,5.381909388171825454e-04,4.068455998617991586e-03,5.230249688223343602e-02,9.990796036606239272e-02,3.969438248651626891e-07,5.744233798048748596e-05,3.813886148704465831e-07,1.238657809579241828e-08,5.313635488195017714e-06,9.019278956936251866e-07,6.643168767743390206e-03,1.739493549409113556e-06,2.786859309053335370e-04,1.736917029409988816e-06,1.433427449513080861e-05,4.615326428432225913e-06,6.715631717718775859e-05,3.392516198847600944e-05,1.602312829455712525e-08,3.482229518817125821e-08,5.493277708133996182e-07,2.113853289281947772e-05,5.021222528294347845e-10,1.529812609480339918e-04,1.371907089533978576e-09,1.217258569586511056e-07,4.120057668600462867e-08,1.895897019355985464e-08,1.229147999582472499e-04,5.743256878049079672e-10,1.607189599454055973e-10,4.728897318393647086e-06,2.333910819207196831e-07,2.280148899225459017e-05,5.710022928060369038e-08,7.132335347577225537e-01,0.000000000000000000e+00,4.986402448306175045e-10,1.046880469644386444e-08,1.175336629600751432e-09,2.823860939040766307e-08
1.368750000000000001e-02,-1.718412360000000083e-01,1.254189689999999935e+01,1.987890990000000102e+03,1.609981920000000122e-01,7.531164492426485613e-02,3.366153299200871224e-02,1.409901569967817295e+03,-4.187810133333332629e+01,2.546567051427752262e-03,1.278122220716589257e-05,4.513861642530731444e-07,1.815860401018076092e-04,1.062303190595588611e-04,1.198661700672038893e-01,2.819548021580801333e-08,2.771143771553663203e-09,3.849238642158105840e-08,7.798938954372534405e-08,4.780567322680261754e-06,2.373078411330484699e-07,5.216813482924846646e-04,3.391158681901279386e-03,5.198191012914406273e-02,1.003264860562488314e-01,4.713728462642788511e-07,5.916457423317107543e-05,4.386439422459291555e-07,1.430855280802220173e-08,5.132529142877591811e-06,1.010627090566615831e-06,6.043270013388206234e-03,1.709679170958544782e-06,2.339030551311395759e-04,1.606532810900715145e-06,1.158286520649402337e-05,5.491212673078690800e-06,6.783984343803493497e-05,3.290729031844972943e-05,2.317718671299446940e-08,4.316762622420226887e-08,6.161796893454659207e-07,2.006402901124905054e-05,5.871809773292075670e-10,1.586779810889640558e-04,1.560089680874676246e-09,1.302673390730353860e-07,4.861405382725584771e-08,2.246593711259569981e-08,1.195681260670367920e-04,7.285320594084571301e-10,2.086274241169685799e-10,4.869235112729974901e-06,2.415336201354177203e-07,2.272816501274272429e-05,6.813018183819771539e-08,7.142681244004599472e-01,0.000000000000000000e+00,4.601677052579965852e-10,8.050424274513531894e-09,1.327531070744290576e-09,3.143179991762248132e-08
1.373437500000000006e-02,-1.738042720000000096e-01,1.250029930000000000e+01,1.999316659999999956e+03,1.602646839999999906e-01,7.406707105053862705e-02,3.370260383662977005e-02,1.330981420991447067e+03,-4.151129600000002995e+01,2.488703118919259084e-03,1.490220779352858670e-05,6.719236187082113338e-07,2.030409189118277137e-04,1.299895709435509058e-04,1.200852209478519561e-01,3.379031108532626433e-08,3.447185988503029830e-09,6.004509247392489544e-08,1.062538329538583528e-07,5.467091647625867999e-06,2.760613088801179798e-07,5.002169007827765449e-04,2.778590238793373149e-03,5.159601037759398851e-02,1.007789379562358811e-01,5.622928167558194487e-07,6.065307077366088152e-05,5.036388577812904437e-07,1.652052239282581900e-08,4.915954307865203899e-06,1.128329329510013196e-06,5.431827337641181690e-03,1.663480139277619381e-06,1.926615959163350536e-04,1.453580009368770355e-06,9.152798986025318856e-06,6.547963587156490157e-06,6.818492107039010738e-05,3.158351648628458694e-05,3.382564278531091997e-08,5.381655687662969010e-08,6.899749697003723715e-07,1.887966579180133970e-05,6.914725816997220594e-10,1.648725209284026714e-04,1.787517509223755017e-09,1.395001599394208354e-07,5.752578107501893683e-08,2.677635188837213587e-08,1.158991219496698002e-04,9.365102795933122177e-10,2.719670758818959123e-10,4.993341267831598307e-06,2.493385738917225575e-07,2.255798739020400032e-05,8.172431416451051264e-08,7.152783326893842331e-01,0.000000000000000000e+00,4.128936008206973962e-10,5.983352657401677922e-09,1.507581929345319626e-09,3.474837388491022015e-08
1.378125000000000010e-02,-1.757501140000000128e-01,1.245838250000000080e+01,2.010570919999999887e+03,1.595547860000000040e-01,7.285783167724271814e-02,3.374145447877417714e-02,1.251798383982349606e+03,-4.096330666666618470e+01,2.426696138963533710e-03,1.748599609253155359e-05,1.024031049562626109e-06,2.293479389020431605e-04,1.603762499315016801e-04,1.203032839486172512e-01,4.109969058244590531e-08,4.345021868144197353e-09,9.360714676001943560e-08,1.446385299382234169e-07,6.212017257346784829e-06,3.192291658636540322e-07,4.728244707980519090e-04,2.232121399046638286e-03,5.113250517816078644e-02,1.012709389567461593e-01,6.719263797130134382e-07,6.175028067362583063e-05,5.749508197544326615e-07,1.899089459188879655e-08,4.654937338011828626e-06,1.251406569465511522e-06,4.813180507944241592e-03,1.594828209318832634e-06,1.551088289337514397e-04,1.277450119454388127e-06,7.027449326998504715e-06,7.804990006666410139e-06,6.802124017094743856e-05,2.993120868721607609e-05,4.956603417882985037e-08,6.723885797128159790e-08,7.691721946714788203e-07,1.758119969249088911e-05,8.192962806500702076e-10,1.716138479267020087e-04,2.065037409118001691e-09,1.492758789362427751e-07,6.804140847093883538e-08,3.205974058630695528e-08,1.118555699522253544e-04,1.208843839483690693e-09,3.544491498486111508e-10,5.091854657825217253e-06,2.565750448904142231e-07,2.226651729048974345e-05,9.840739235796920775e-08,7.162637636940765162e-01,0.000000000000000000e+00,3.561352998478910223e-10,4.255207548182557508e-09,1.715591699267253419e-09,3.796409628378514665e-08
1.382812500000000014e-02,-1.776702689999999918e-01,1.241614790000000035e+01,2.021566630000000032e+03,1.588752940000000002e-01,7.168511398773791399e-02,3.377780098351338550e-02,1.171929283852227854e+03,-4.020044800000018625e+01,2.360128140008436667e-03,2.061949230007370978e-05,1.594652090005700333e-06,2.620783810009368617e-04,1.992666210007123324e-04,1.205206700004308185e-01,5.074134590018138445e-08,5.542266590019811844e-09,1.445061440005165610e-07,1.954412700006986529e-07,6.978627330024947044e-06,3.651569720013053271e-07,4.387708990015684487e-04,1.752814600006265917e-03,5.057644550018079027e-02,1.018087470003639361e-01,8.011390420028638232e-07,6.225535120022254211e-05,6.492603810023209074e-07,2.162689130007730743e-08,4.341735030015519857e-06,1.373206250004908822e-06,4.192987930014989081e-03,1.497580940005353423e-06,1.214449830004341285e-04,1.081234650003865046e-06,5.203095240018599033e-06,9.265972550033122000e-06,6.714623160024002751e-05,2.793544570009986306e-05,7.236939520025870037e-08,8.379388930029952729e-08,8.507147320030410984e-07,1.616883810005779711e-05,9.752875140034864622e-10,1.789514430006396996e-04,2.407154150008604731e-09,1.593339200005695670e-07,8.010781570028636418e-08,3.847917520013754980e-08,1.073709730003838197e-04,1.546963080005529983e-09,4.589764330016407163e-10,5.152875030018419247e-06,2.629304000009398966e-07,2.182614530007802076e-05,1.186876940004242697e-07,7.172239320025638465e-01,0.000000000000000000e+00,2.912997620010413395e-10,2.861891540010230739e-09,1.946843170006959616e-09,4.072336570014556977e-08
1.387500000000000018e-02,-1.795546650000000022e-01,1.237359599999999915e+01,2.032200599999999895e+03,1.582340419999999914e-01,7.055042461827608358e-02,3.381129580673561397e-02,1.091064476918429136e+03,-3.918924800000011999e+01,2.288557157931663064e-03,2.438826777795853661e-05,2.530037267713419536e-06,3.034215957257756831e-04,2.489398117750148804e-04,1.207378148908803822e-01,6.356018584255599841e-08,7.139309033547683194e-09,2.185186698025086503e-07,2.600683707649571375e-07,7.704487233036891937e-06,4.107069646288140210e-07,3.978038056404755145e-04,1.341019838788022047e-03,4.991003395489264360e-02,1.023989789074545437e-01,9.480637911431653181e-07,6.192992594402938682e-05,7.206699303486777425e-07,2.424810017808521484e-08,3.971736416410450551e-06,1.483052858659656474e-06,3.578575856765779054e-03,1.366969468764569625e-06,9.191098341693331483e-05,8.727701472112136507e-07,3.682680686671691561e-06,1.090344389014575938e-05,6.533768304094955345e-05,2.559410537686873256e-05,1.042783919057559726e-07,1.035603669064049141e-07,9.296690601597898711e-07,1.464961368676006996e-05,1.164108078947910171e-09,1.869299598310576911e-04,2.833346577439296986e-09,1.692729818470156033e-07,9.342407031556582279e-08,4.615116075828981377e-08,1.023640389074861174e-04,1.931252378254585813e-09,5.860009734703879960e-10,5.161888295334822883e-06,2.679869367578005762e-07,2.120764658083309335e-05,1.429680948707892406e-07,7.181583013509477142e-01,0.000000000000000000e+00,2.224317647989721106e-10,1.796172508376667381e-09,2.187771548022750335e-09,4.253090206156170676e-08
1.392187500000000022e-02,-1.813916610000000096e-01,1.233072559999999918e+01,2.042353489999999965e+03,1.576398509999999975e-01,6.945558251326927612e-02,3.384151238446219540e-02,1.029498383265108487e+03,-3.822037333333384623e+01,2.211546429640356710e-03,2.886773009530550465e-05,4.068367589338398916e-06,3.564413469420352524e-04,3.120587369492528016e-04,1.209552709803301540e-01,8.069516548687728956e-08,9.260441568494060297e-09,3.197623699480000323e-07,3.377302769450780062e-07,8.302409498649854537e-06,4.511417359266349817e-07,3.504174939430148021e-04,9.959272108380414368e-04,4.911269409201325653e-02,1.030480979832422428e-01,1.106451659820068071e-06,6.052235619015780034e-05,7.806413778730514169e-07,2.657600679567819113e-08,3.545867949423367712e-06,1.566156809745310281e-06,2.979244999515513141e-03,1.202031869804524785e-06,6.674635138914565991e-05,6.644048428919539982e-07,2.467767759598689609e-06,1.264182229794417632e-05,6.238239988985531947e-05,2.292556039627182839e-05,1.466356159761540111e-07,1.261162269794908628e-07,9.992708538374978422e-07,1.303964379787948194e-05,1.389974399773961385e-09,1.955803159681945825e-04,3.369648069452025235e-09,1.785352189709664673e-07,1.073749959825385935e-07,5.507752349104324588e-08,9.674243818426766855e-05,2.309311379624458043e-09,7.313636668810651012e-10,5.102149139170284417e-06,2.712124749558951891e-07,2.038295769668530745e-05,1.714191769721236574e-07,7.190663278830649041e-01,0.000000000000000000e+00,1.558078379746624064e-10,1.037128959831341218e-09,2.412018559607755406e-09,4.280578249303888946e-08
1.394531249999999938e-02,-1.822874509999999892e-01,1.230917009999999934e+01,2.047198730000000069e+03,1.573641600000000029e-01,6.892383052590329851e-02,3.385520028847934654e-02,9.881707337400956703e+02,-3.749960533333265289e+01,2.170847779789078849e-03,3.139571719694956805e-05,5.192137179495528774e-06,3.889720999622072015e-04,3.497512719660178819e-04,1.210643859882372941e-01,9.144543439111510293e-08,1.057306709897271248e-08,3.801767749630617481e-07,3.802007079630594147e-07,8.521324569172062592e-06,4.676922249545586930e-07,3.248247669684398002e-04,8.475768359176487441e-04,4.865602199527254562e-02,1.033970479899538747e-01,1.186401519884728336e-06,5.933015249423544271e-05,8.034041069219407025e-07,2.753345239732482947e-08,3.315117569677900715e-06,1.593134699845209733e-06,2.689468929738689229e-03,1.108430859892303972e-06,5.586999659457162750e-05,5.653317269450719368e-07,1.972633019808337513e-06,1.350700719868764981e-05,6.041138619413038752e-05,2.148807549791220418e-05,1.714941209833375144e-07,1.380236789865895023e-07,1.027621199900155513e-06,1.221038489881363028e-05,1.518016579852508281e-09,2.001607939805522386e-04,3.692720219641212675e-09,1.826469659822538822e-07,1.142333069889010128e-07,5.995398359417481888e-08,9.366451289089948624e-05,2.468068179760200648e-09,8.077015139215230956e-10,5.039586729510349663e-06,2.719170689735803784e-07,1.988412229806804313e-05,1.871884359818126294e-07,7.195103179300917917e-01,0.000000000000000000e+00,1.255699969877995292e-10,7.594438059262118219e-10,2.509584599756167164e-09,4.217934839590182490e-08
1.396875000000000026e-02,-1.831663480000000066e-01,1.228753329999999977e+01,2.051871810000000096e+03,1.571039389999999980e-01,6.840286104684546731e-02,3.386783709234465756e-02,9.467441163316182156e+02,-3.670233600000130991e+01,2.128655677941765356e-03,3.411777906701092089e-05,6.630927423588439256e-06,4.261990265879005992e-04,3.919862446209815493e-04,1.211736998828350093e-01,1.038940758995429792e-07,1.207514358832433081e-08,4.459436985688091492e-07,4.237760995902434057e-07,8.668487421618287567e-06,4.806238265352763635e-07,2.982563477116106964e-04,7.148875233087626305e-04,4.815785635343531462e-02,1.037626448996700618e-01,1.263957228777857408e-06,5.778456704412708133e-05,8.193331982077722840e-07,2.827843877265707940e-08,3.074275547027428479e-06,1.606742388446412443e-06,2.407974377671687118e-03,1.008716119024654482e-06,4.613808835538826364e-05,4.718934735437178315e-07,1.549268028501985390e-06,1.433511598613912384e-05,5.809747244382452975e-05,1.998967658067162976e-05,1.983754968081872227e-07,1.500988598548667490e-07,1.050420428984329917e-06,1.136982118900631851e-05,1.656312138398482651e-09,2.049068528018719595e-04,4.057818896076423462e-09,1.863156218198481268e-07,1.208532778831448496e-07,6.503328233711816138e-08,9.039962301259100639e-05,2.589666977496005173e-09,8.837080801455270946e-10,4.953026125210832067e-06,2.719107187370847502e-07,1.932587508131347126e-05,2.038649358028794046e-07,7.199475333038700686e-01,0.000000000000000000e+00,9.834137750491198278e-11,5.414533864764591912e-10,2.586893317498687151e-09,4.098573156037017490e-08
1.399218749999999942e-02,-1.840265590000000062e-01,1.226581460000000057e+01,2.056354139999999916e+03,1.568604739999999997e-01,6.789292866131696469e-02,3.387931012335003433e-02,9.053797876840808385e+02,-3.582813866666476343e+01,2.084945467415856395e-03,3.703371235409931518e-05,8.472855139498493095e-06,4.689347804187883021e-04,4.392099614556301468e-04,1.212831398496780760e-01,1.183071128533666604e-07,1.378861248290998613e-08,5.150811953615930954e-07,4.669735504212191270e-07,8.730104739179648065e-06,4.890953133938007020e-07,2.710493646640533888e-04,5.972635302597339123e-04,4.761529854098418835e-02,1.041451768709193842e-01,1.336374968343657218e-06,5.586518843075902771e-05,8.271039739748628192e-07,2.876232056435112554e-08,2.825655776497798287e-06,1.604891598010849532e-06,2.136491707351969010e-03,9.046149368787933579e-07,3.754337595346762645e-05,3.858075235218187231e-07,1.193704968520486629e-06,1.509207378129443582e-05,5.543479523129246953e-05,1.844166397714285471e-05,2.265772667191733933e-07,1.620395087991634385e-07,1.066495798678153508e-06,1.052336718695702535e-05,1.804896897762957331e-09,2.098109307399541009e-04,4.471485224457909213e-09,1.894425707651992542e-07,1.270626078425148551e-07,7.022990321295498161e-08,8.694059809224324344e-05,2.660865526702044005e-09,9.564707458145216641e-10,4.840392854000673369e-06,2.710960106639956034e-07,1.870716367681378708e-05,2.213115727256998708e-07,7.203779571071422527e-01,0.000000000000000000e+00,7.465404550747156823e-11,3.750043895352084660e-10,2.638341966729960752e-09,3.919874435141590777e-08
1.401562500000000031e-02,-1.848662809999999934e-01,1.224401330000000065e+01,2.060626999999999953e+03,1.566350370000000047e-01,6.739426044934529458e-02,3.388948571073644583e-02,8.642794319719861278e+02,-3.487808000000103448e+01,2.039707409069180851e-03,4.013976098168223975e-05,1.082465879506017282e-05,5.181280637635525673e-04,4.918686047755360885e-04,1.213925489446025796e-01,1.349791489384023265e-07,1.573558499281907584e-08,5.847231307331620028e-07,5.079581627681935624e-07,8.694450696032293363e-06,4.923127937753332621e-07,2.435868948888392823e-04,4.939865817745695692e-04,4.702560737853989786e-02,1.045446759522910968e-01,1.400445099360907801e-06,5.356133137555732222e-05,8.255421136232642675e-07,2.893809858679411358e-08,2.572052568826245280e-06,1.585685949276373168e-06,1.876814539143516810e-03,7.982884646357015325e-07,3.006276238628087370e-05,3.084443938592415791e-07,9.009124735888691197e-07,1.573902889281750345e-05,5.242865247607421446e-05,1.685809129230682050e-05,2.551055418835827207e-07,1.734945359208258622e-07,1.074775849509526552e-06,9.677083815583868609e-06,1.963621219103902777e-09,2.148606639019484579e-04,4.941001837745176917e-09,1.919317479124120420e-07,1.326839739394497543e-07,7.542916276557794316e-08,8.328394876199341629e-05,2.670524838781307823e-09,1.022627539533324566e-09,4.699949747855180376e-06,2.693770178770699262e-07,1.802803939177291531e-05,2.393342288907799730e-07,7.208015986710625267e-01,0.000000000000000000e+00,5.479784047499303577e-11,2.516972978851381120e-10,2.657338418787324932e-09,3.682592308319451095e-08
1.403906249999999946e-02,-1.856837359999999881e-01,1.222212840000000078e+01,2.064671830000000227e+03,1.564288659999999997e-01,6.690704239161004985e-02,3.389820389161232045e-02,8.237253883999081836e+02,-3.385548799999909164e+01,1.992949709988028808e-03,4.342815339973914423e-05,1.381308969991702746e-05,5.748835779965467746e-04,5.504001859966937841e-04,1.215016519992701688e-01,1.542331239990735596e-07,1.793781999989225186e-08,6.511745899960884557e-07,5.446536479967284890e-07,8.552977429948624668e-06,4.896379919970588940e-07,2.162809719987008564e-04,4.042335469975718481e-04,4.638630559972136552e-02,1.049608679993695309e-01,1.452756569991273753e-06,5.087410309969441201e-05,8.138001189951116169e-07,2.876863629982719462e-08,2.316659269986084565e-06,1.547805489990702794e-06,1.630753769990204386e-03,6.921063249958426346e-07,2.365657529985790131e-05,2.407255649985540268e-07,6.649999919960054553e-07,1.623447519990248278e-05,4.909732019970508305e-05,1.525555609990836257e-05,2.826991799983019110e-07,1.840775909988942921e-07,1.074351799993546773e-06,8.837567909946915333e-06,2.132118919987192786e-09,2.200380459986782649e-04,5.474414449967115943e-09,1.936946689988365262e-07,1.375423179991738158e-07,8.048895559951653547e-08,7.943097199952287892e-05,2.611741639984312297e-09,1.078556539993521252e-09,4.530469179972786187e-06,2.666626309983982029e-07,1.728983119989614331e-05,2.576777579984521881e-07,7.212184929956677593e-01,0.000000000000000000e+00,3.878903469976700432e-11,1.633699259990186759e-10,2.638555359984150853e-09,3.391469699979628425e-08
1.406250000000000035e-02,-1.864772239999999970e-01,1.220015910000000048e+01,2.068470789999999852e+03,1.562431159999999875e-01,6.643139237842138334e-02,3.390527229239227724e-02,7.840510886371213246e+02,-3.276603733333516288e+01,1.944704218606688097e-03,4.688622126640767354e-05,1.758881768739823460e-05,6.404736705411232965e-04,6.152255065592126052e-04,1.216100099128707285e-01,1.764187728736021802e-07,2.041612648537256944e-08,7.100784474912539574e-07,5.747462945882146035e-07,8.300557454052943606e-06,4.805780056556828529e-07,1.895588178641877954e-04,3.270799767656587293e-04,4.569535596726088944e-02,1.053930919244895625e-01,1.489648598932719433e-06,4.781791926574015510e-05,7.913496924330258974e-07,2.822543537977747165e-08,2.062923698521988256e-06,1.490552088932072111e-06,1.400069688996899561e-03,5.886427725782582814e-07,1.826740558691205071e-05,1.830847368688262545e-07,4.792857296566087348e-07,1.653482778815337995e-05,4.547378986741963588e-05,1.365288489021819082e-05,3.078946607794043571e-07,1.933829878614478973e-07,1.064532249237300220e-06,8.011820634259814004e-06,2.309763978345135891e-09,2.253185058385672541e-04,6.080332665643656959e-09,1.946568058605352890e-07,1.414747588986383338e-07,8.523752583893033212e-08,7.538900864598643945e-05,2.483599298220589094e-09,1.120444899197240882e-09,4.331453956896665903e-06,2.628683768116640898e-07,1.649536248818165294e-05,2.760070428022506971e-07,7.216287144829786060e-01,0.000000000000000000e+00,2.641054408107777801e-11,1.022826549267180879e-10,2.577448448153349008e-09,3.055260537811013975e-08
1.408593749999999950e-02,-1.872451780000000121e-01,1.217810419999999993e+01,2.072007300000000214e+03,1.560788270000000033e-01,6.596733843418293997e-02,3.391046126878038275e-02,7.456606936826824494e+02,-3.161843199999835008e+01,1.895029570284355877e-03,5.049613310757712420e-05,2.232325790334968365e-05,7.163545281074915408e-04,6.867255071030456534e-04,1.217169790182640599e-01,2.019081350302970158e-07,2.318953980347967098e-08,7.568007801135606196e-07,5.959642240894265828e-07,7.937016491190978176e-06,4.649101510697614388e-07,1.638390470245846262e-04,2.615264380392429426e-04,4.495131160674510629e-02,1.058402560158816924e-01,1.507677710226232352e-06,4.442277000666579242e-05,7.581688401137659940e-07,2.729692740409599941e-08,1.814435760272262500e-06,1.414162540212200184e-06,1.186393090178022598e-03,4.903332400735762178e-07,1.382181210207401079e-05,1.354574610203258770e-07,3.367526810505308941e-07,1.660008180249090170e-05,4.160652780624321106e-05,1.207074530181125873e-05,3.291492010493900339e-07,2.010123070301626072e-07,1.044912620156792766e-06,7.207036951081441885e-06,2.495652250374481676e-09,2.306702670346128859e-04,6.767841411015539092e-09,1.947633250292249092e-07,1.443380330216584132e-07,8.948450671342746754e-08,7.117232151067966759e-05,2.291758270343886175e-09,1.144735700171771699e-09,4.103349020615721489e-06,2.579240170387024005e-07,1.564907610234820057e-05,2.939160940441031458e-07,7.220323801083435855e-01,0.000000000000000000e+00,1.725132730258862196e-11,6.163774870924896737e-11,2.472276230370973987e-09,2.686564050403128461e-08
1.410937500000000039e-02,-1.879862350000000015e-01,1.215596249999999934e+01,2.075266839999999775e+03,1.559368620000000094e-01,6.551478807646808622e-02,3.391350261354696138e-02,7.090014035250577535e+02,-3.042457600000139450e+01,1.844016228748998447e-03,5.423429546320684150e-05,2.820804388086334415e-05,8.041706014544414746e-04,7.652198574808661852e-04,1.218216809173547910e-01,2.310898608432260454e-07,2.627437298217516837e-08,7.869228554661427070e-07,6.062168175887356821e-07,7.467489604933970774e-06,4.426947386996708506e-07,1.395136469053523561e-04,2.065133278598990261e-04,4.415351387004574912e-02,1.063007739278843539e-01,1.503766278979827990e-06,4.073527037236473065e-05,7.147478385151070033e-07,2.598849458236911145e-08,1.574756628931667154e-06,1.319880979104577853e-06,9.911304483276057314e-04,3.994109137290350945e-07,1.023202239305847985e-05,9.731786473397844861e-08,2.302735048437798265e-07,1.639713598887599871e-05,3.755948137451922241e-05,1.053097369285566878e-05,3.449975367659497532e-07,2.066005908598398272e-07,1.015426459311123037e-06,6.430374395637560703e-06,2.688571138176042826e-09,2.360539318398583526e-04,7.546109954880633306e-09,1.939852468683982072e-07,1.460179519009397505e-07,9.302773963688892739e-08,6.680282825468020170e-05,2.048701028610138053e-09,1.148393289220917020e-09,3.847759677389635981e-06,2.517776098291912082e-07,1.475715178998858089e-05,3.109204967890679748e-07,7.224296495098955218e-01,0.000000000000000000e+00,1.078233459268514247e-11,3.566785327580252716e-11,2.323898598423441085e-09,2.300840898439083513e-08
1.413281249999999954e-02,-1.886993110000000085e-01,1.213373280000000065e+01,2.078237639999999828e+03,1.558178600000000025e-01,6.507350239631827515e-02,3.391408738050096655e-02,6.745480457514331647e+02,-2.919974399999847847e+01,1.791789467415169732e-03,5.807124291622658979e-05,3.544848214886211899e-05,9.057562056933586873e-04,8.509371917724403364e-04,1.219229688241142834e-01,2.643618386186323822e-07,2.968330245717895145e-08,7.968628828504478420e-07,6.038936071288247626e-07,6.903050950041678443e-06,4.143384814022764726e-07,1.169267018313218710e-04,1.609470437678182432e-04,4.330226433753227300e-02,1.067725298459702571e-01,1.475653367871226584e-06,3.681936914688448186e-05,6.621504730447835900e-07,2.432599976490738084e-08,1.347270618056431173e-06,1.210052308254382067e-06,8.153666338237544262e-04,3.176755265417221909e-07,7.399636339325305603e-06,6.777005690223511213e-08,1.529887797792988062e-07,1.590580137705433340e-05,3.341049405180212097e-05,9.055693666936281492e-06,3.542350874889814728e-07,2.098463176972763016e-07,9.763862025914680825e-07,5.688682201793522884e-06,2.886993315835231724e-09,2.414225836517244783e-04,8.424018947847533883e-09,1.923242907225535299e-07,1.464356907887522785e-07,9.566990056198686908e-08,6.231029441011133932e-05,1.772025537443680948e-09,1.129355818370794482e-09,3.567614274853369866e-06,2.444023836474258282e-07,1.382751918005246000e-05,3.264735055290302496e-07,7.228207349572608464e-01,0.000000000000000000e+00,6.431701850721644813e-12,1.977280277147580983e-11,2.136667876917649061e-09,1.915061497237337879e-08
1.415625000000000043e-02,-1.893836799999999987e-01,1.211141379999999934e+01,2.080911579999999958e+03,1.557221749999999905e-01,6.464307219969217533e-02,3.391187003160762992e-02,6.427719575286826057e+02,-2.796177066666754385e+01,1.738511377762663691e-03,6.197173812024692381e-05,4.425488854304720436e-05,1.023125888683312215e-03,9.439835287851624851e-04,1.220194228429699601e-01,3.021232236111895931e-07,3.342444335698519974e-08,7.844915389904169636e-07,5.881262222431246804e-07,6.260679691942964682e-06,3.806128665101792056e-07,9.635624847599658397e-05,1.237246868407754132e-04,4.239898264543562334e-02,1.072528578619734579e-01,1.422278998169631443e-06,3.275554505784601938e-05,6.019961932252750544e-07,2.235620287122920772e-08,1.135026448539304341e-06,1.088070078599733519e-06,6.597711531509230102e-04,2.463617516829505317e-07,5.219982203282266025e-06,4.566285534123525648e-08,9.858843227312392212e-08,1.512376298053682736e-05,2.924808446235986124e-05,7.666182710134184986e-06,3.560902025417380789e-07,2.105387657290520819e-07,9.285001668050884607e-07,4.988218173580529818e-06,3.089082926024576873e-09,2.467224686824863217e-04,9.409651327890469821e-09,1.898164147557202314e-07,1.455530228126839681e-07,9.723644337486384436e-08,5.773202132570312784e-05,1.481992698092784137e-09,1.086922488601210425e-09,3.267243085795298021e-06,2.358026306965393248e-07,1.286977618343754218e-05,3.399891735624588682e-07,7.232058980692871453e-01,0.000000000000000000e+00,3.652329905299719519e-12,1.047638328651766377e-11,1.918289267531302473e-09,1.545927138010505241e-08
1.417968749999999958e-02,-1.900390339999999956e-01,1.208900410000000036e+01,2.083284839999999804e+03,1.556498299999999890e-01,6.422290248294196258e-02,3.390647515142691110e-02,6.141056938884981946e+02,-2.673092266666560590e+01,1.684380827676687249e-03,6.589526470910884515e-05,5.483108812436997444e-05,1.158453888402112553e-03,1.044311368559552693e-03,1.221093598315712014e-01,3.447663495244542404e-07,3.750055034827445909e-08,7.496153389660349763e-07,5.590100972289419499e-07,5.562609802327338942e-06,3.426418295273847031e-07,7.799994879241251185e-05,9.375912887067545096e-05,4.144631584283195447e-02,1.077385558513932473e-01,1.344135048145997617e-06,2.863807306049871731e-05,5.363882482601448862e-07,2.014540827221288119e-08,9.405857377026241809e-07,9.581994186783291805e-07,5.245228722765111432e-04,1.860599807433623283e-07,3.586972525052389721e-06,2.971771335900953768e-08,6.152147551514173615e-08,1.407008878059273813e-05,2.516646706528719564e-05,6.381597141197687035e-06,3.503505175167518583e-07,2.085797097123002691e-07,8.728600337960400909e-07,4.334373264021479864e-06,3.292722855458256590e-09,2.518944086525551113e-04,1.050975348550360714e-08,1.865333327427094380e-07,1.433753318022384648e-07,9.759470356538492615e-08,5.311192792674125076e-05,1.198489218346890613e-09,1.022046588590262873e-09,2.952324335927777592e-06,2.260188116882460166e-07,1.189497458359293519e-05,3.508783845160237910e-07,7.235854440019386935e-01,0.000000000000000000e+00,1.969744247283077695e-12,5.293383042698690750e-12,1.679249407683765064e-09,1.208016948333748954e-08
1.420312500000000047e-02,-1.906655399999999945e-01,1.206650259999999975e+01,2.085358439999999973e+03,1.556004810000000127e-01,6.381220896410795540e-02,3.389750788415218236e-02,5.889057635332870859e+02,-2.552780800000057582e+01,1.629630718780932744e-03,6.979696114778745179e-05,6.736106584960965414e-05,1.314041689017013534e-03,1.151693569138460176e-03,1.221908689085934724e-01,3.926687787062588731e-07,4.190839146864986588e-08,6.941960624806973033e-07,5.177244476127093205e-07,4.834957686383144668e-06,3.018463667741998326e-07,6.196605105364546510e-05,7.000276984763350229e-05,4.044817746974219835e-02,1.082259259190401501e-01,1.243487449069792693e-06,2.457005148162004347e-05,4.677797366500711244e-07,1.777579008670258271e-08,7.658886314270667012e-07,8.252668183826480626e-07,4.092663476938428278e-04,1.367082038977336172e-07,2.397930748206195870e-06,1.865050408604823756e-08,3.711814567223327105e-08,1.278607409043520563e-05,2.125913188409682129e-05,5.217675986096848011e-06,3.374125647475940174e-07,2.039962518473978924e-07,8.108957643933985511e-07,3.731427137208656024e-06,3.495565787385094953e-09,2.568759568078405275e-04,1.172923069122579193e-08,1.825816498634173279e-07,1.399523768953067534e-07,9.667091172768403361e-08,4.849902486371965554e-05,9.381817262981806577e-10,9.374492712987285269e-10,2.629666548032842630e-06,2.151311688390682400e-07,1.091526109183469243e-05,3.585955147317478201e-07,7.239597174584322392e-01,0.000000000000000000e+00,1.006754349246883974e-12,2.545390438095886870e-12,1.431704898928994087e-09,9.122123663176073388e-09
1.422656249999999963e-02,-1.912638479999999863e-01,1.204390790000000067e+01,2.087138489999999820e+03,1.555734149999999927e-01,6.341003014962116879e-02,3.388456815764816915e-02,5.674230273888800866e+02,-2.437243733333268381e+01,1.574522379717422727e-03,7.362900048678590044e-05,8.199534998528440943e-05,1.492274669732183371e-03,1.265707069772845300e-03,1.222618739780578362e-01,4.461854669199236969e-07,4.663836789162987215e-08,6.222150378883319099e-07,4.664999219162778705e-07,4.105647639263165341e-06,2.598393699533669919e-07,4.827082079133689899e-05,5.146887129076294982e-05,3.940969349292719470e-02,1.087108549804898100e-01,1.124384019798208414e-06,2.065631009629283803e-05,3.987777629284319228e-07,1.533907349724711762e-08,6.121495788901383382e-07,6.942121588754106820e-07,3.131113819438063666e-04,9.765197408247453086e-08,1.557887339720407945e-06,1.127297849797685273e-08,2.162475939611903349e-08,1.133260589796615229e-05,1.761168489683925605e-05,4.185584429248818841e-06,3.182383859428861478e-07,1.969424399646550081e-07,7.442982258664218832e-07,3.182359789428865856e-06,3.695108979336844007e-09,2.616041999530502359e-04,1.307075889765420772e-08,1.780994159680367476e-07,1.353768259757041165e-07,9.446181198304705449e-08,4.394534789211318872e-05,7.125151258721258159e-10,8.374862588496974701e-10,2.306820909585997743e-06,2.032609879635210097e-07,9.943374258215475825e-06,3.626905479349084328e-07,7.243290898700056601e-01,0.000000000000000000e+00,4.870716269125859619e-13,1.163813759791131943e-12,1.187862019786815883e-09,6.647203028807034758e-09
1.425000000000000051e-02,-1.918350769999999927e-01,1.202121900000000032e+01,2.088635929999999917e+03,1.555675649999999910e-01,6.301525503754545898e-02,3.386726630083331663e-02,5.497702152935739832e+02,-2.328183466666747137e+01,1.519337229622817450e-03,7.734230628079942092e-05,9.883965507546260427e-05,1.695568119579067513e-03,1.385729209655986623e-03,1.223202149696334534e-01,5.056378818744730655e-07,5.167418268717165329e-08,5.391858068661446898e-07,4.084416338986025541e-07,3.402174719155394649e-06,2.183126529458028775e-07,3.684337249085346897e-05,3.724774389075307811e-05,3.833705339048265603e-02,1.091889239728933564e-01,9.924251617536258822e-07,1.699505069578090223e-05,3.319694199175870703e-07,1.293091269678984315e-08,4.797945878808888541e-07,5.698038658585435672e-07,2.346782899417400423e-04,6.781300758316510991e-08,9.827207737560349266e-07,6.549031438374173074e-09,1.214166499698577656e-08,9.784574427570934060e-06,1.429503539645119286e-05,3.291243979182933610e-06,2.942260659269570451e-07,1.876889389534053771e-07,6.749198278324481175e-07,2.688730889332510312e-06,3.888782679034591544e-09,2.660190069339595799e-04,1.453451609639174095e-08,1.732502879569898428e-07,1.297795529677816538e-07,9.103754957739951953e-08,3.950349119019307701e-05,5.270801898691499763e-10,7.277893528193229288e-10,1.991552629505588166e-06,1.905684479526905100e-07,8.992029727767688401e-06,3.628512939099205132e-07,7.246939498200914986e-01,0.000000000000000000e+00,2.222044679448367423e-13,5.036960208749551892e-13,9.590884677619018133e-10,4.669240658840839487e-09
1.427343749999999967e-02,-1.923807449999999919e-01,1.199843470000000067e+01,2.089865890000000036e+03,1.555815690000000029e-01,6.262666926906677867e-02,3.384523991242298357e-02,5.359243841371080634e+02,-2.226867199999949776e+01,1.464365460549915720e-03,8.088866413037626511e-05,1.179445540442919388e-04,1.926311620723391302e-03,1.510953460567411241e-03,1.223637490459514726e-01,5.713052772145432994e-07,5.699338472140282992e-08,4.513232361694862436e-07,3.470951631303453023e-07,2.748375571032102362e-06,1.788183690671519734e-07,2.753586631034059539e-05,2.652329330996034139e-05,3.723725211398377227e-02,1.096555490411791484e-01,8.541352263207549567e-07,1.366855750513297930e-05,2.695835951012371930e-07,1.063790160399487118e-08,3.684591981383681865e-07,4.558490751711858105e-07,1.721961930646651419e-04,4.578513721719377630e-08,6.016197482259274526e-07,3.655217291372650229e-09,6.565564852465579026e-09,8.221239373087337301e-06,1.135967170426591806e-05,2.534672750951850410e-06,2.670117541002714063e-07,1.766009950663192810e-07,6.046420572270623127e-07,2.250675200845200113e-06,4.074067541529941656e-09,2.700663611014184735e-04,1.611828450605292606e-08,1.682155690631702884e-07,1.233249320463124188e-07,8.653586433249697112e-08,3.522392361322770616e-05,3.819463381434330173e-10,6.145222022307726691e-10,1.691230830635111052e-06,1.772478160665621991e-07,8.073246943031761811e-06,3.589519251347978982e-07,7.250546832722810642e-01,0.000000000000000000e+00,9.561777453590751627e-14,2.064483270775279102e-13,7.535781002829925615e-10,3.159602521186531636e-09
1.429687500000000056e-02,-1.929026669999999999e-01,1.197555430000000065e+01,2.090846640000000207e+03,1.556138519999999970e-01,6.224300792314047676e-02,3.381816811118548011e-02,5.257238631341382415e+02,-2.134003200000081790e+01,1.409894339265276540e-03,8.422267575610990395e-05,1.393029449274065055e-04,2.186808268860411519e-03,1.640416439145146905e-03,1.223904479362199343e-01,6.434050316647089894e-07,6.256723556739498475e-08,3.646925058099515915e-07,2.860648678509259983e-07,2.162821478872911129e-06,1.426724769256505765e-07,2.014135718950394268e-05,1.857819699031853833e-05,3.611777498117831747e-02,1.101061309426215329e-01,7.163256636267086132e-07,1.073626049440512323e-05,2.134007848887926809e-07,8.533894585552820767e-09,2.770441238556268627e-07,3.552079228148941830e-07,1.236267779355756837e-04,3.008088388432425659e-08,3.574013618137511413e-07,1.958173918979557488e-09,3.416157978219773335e-09,6.717577286499339308e-06,8.832658305397128850e-06,1.910524229004388768e-06,2.382616968758371781e-07,1.641091199144795195e-07,5.352651967210628876e-07,1.866953519027093969e-06,4.248589887785976472e-09,2.737013848573688476e-04,1.781757129071491264e-08,1.631849729149611179e-07,1.162006089394455820e-07,8.114780965771228410e-08,3.115240328376587474e-05,2.732201158576196276e-10,5.037465897374877716e-10,1.412238359264055032e-06,1.635183589147873746e-07,7.197699956249137778e-06,3.510582178170566753e-07,7.254116636219737346e-01,0.000000000000000000e+00,3.877481487979368385e-14,8.004986225828445460e-14,5.765912516995269995e-10,2.059262038926878501e-09
1.432031249999999971e-02,-1.934028240000000010e-01,1.195257690000000039e+01,2.091598239999999805e+03,1.556627289999999997e-01,6.186301532901745254e-02,3.378578317072761239e-02,5.188892234289803582e+02,-2.049719466666547874e+01,1.356195969558953449e-03,8.730367427160811225e-05,1.628499749470397793e-04,2.479221629193735944e-03,1.773041149423391786e-03,1.223984909601949639e-01,7.220761757651746372e-07,6.836170577776819340e-08,2.843935609075128111e-07,2.285395259256769962e-07,1.657219909461057927e-06,1.108158889639617248e-07,1.441403839531243151e-05,1.279810499583794845e-05,3.498623538862218052e-02,1.105362079640526823e-01,5.852656698096666297e-07,8.230350477323419877e-06,1.645791169464774788e-07,6.672018917830202714e-09,2.038434069337083974e-07,2.694600389123693210e-07,8.681079617176839657e-05,1.925762809373725514e-08,2.060919199329771328e-07,1.006417869672704224e-09,1.709237069444141411e-09,5.335695328264786311e-06,6.717334087815465433e-06,1.408764659541857759e-06,2.094809399318750084e-07,1.506742849509994265e-07,4.683929508476746092e-07,1.535117599500766643e-06,4.410223608565757585e-09,2.768906469099527575e-04,1.962605239361744132e-08,1.583468739485042362e-07,1.086078739646797932e-07,7.509750987557764740e-08,2.732771919111279255e-05,1.947435919366677146e-10,4.006734498696975845e-10,1.159493519622922821e-06,1.496129179513445992e-07,6.374177817927063368e-06,3.394262418896156614e-07,7.257652357639748919e-01,0.000000000000000000e+00,1.481252729518284120e-14,2.934578099045649800e-14,4.300306908601503107e-10,1.293024279579497552e-09
1.434375000000000060e-02,-1.938832269999999913e-01,1.192950219999999995e+01,2.092141110000000026e+03,1.557265160000000093e-01,6.148550085018526096e-02,3.374787820495839946e-02,5.150518415175608880e+02,-1.973572266666750252e+01,1.303516550993463752e-03,9.009725656866683988e-05,1.884677491436390464e-04,2.805528542138208733e-03,1.907686011453926149e-03,1.223863410932756746e-01,8.073594626153219016e-07,7.433842575665637821e-08,2.140207181631139988e-07,1.769501791348610327e-07,1.236103870942085681e-06,8.376237966383877001e-08,1.009064560769049740e-05,8.669888166607677793e-06,3.385002212579849706e-02,1.109415890845531494e-01,4.660108243551660498e-07,6.155061974691026492e-06,1.236232390942183480e-07,5.082085563873266854e-09,1.467152041118177187e-07,1.989483391516267339e-07,5.960912704543057020e-05,1.203523810917255092e-08,1.154409540879823178e-07,4.961757743781560499e-10,8.220866556265460836e-10,4.119216983139424770e-06,4.995770493807482539e-06,1.015883850774246934e-06,1.818793971386177833e-07,1.367535611042255287e-07,4.053475233089320547e-07,1.251732220953996697e-06,4.557167083473204535e-09,2.796135082131049623e-04,2.153607171641352960e-08,1.538790081172775352e-07,1.007501350767858252e-07,6.862055825229855804e-08,2.378000461812372333e-05,1.397037691064740075e-10,3.091431152356107134e-10,9.361559627134830125e-07,1.357650221034721143e-07,5.609219544275017381e-06,3.244757002472963216e-07,7.261157085534027944e-01,0.000000000000000000e+00,5.331583914063420784e-15,1.016944310775055215e-14,3.129962482385473701e-10,7.828047645966078532e-10
1.436718749999999975e-02,-1.943457829999999942e-01,1.190632970000000057e+01,2.092494670000000042e+03,1.558036270000000001e-01,6.110938489292284254e-02,3.370430964423398734e-02,5.137875132290025704e+02,-1.904661333333307383e+01,1.252068110217261811e-03,9.257632341606406045e-05,2.159929460374795842e-04,3.167482390549628771e-03,2.043194910354539928e-03,1.223527910212309361e-01,8.991804891560278721e-07,8.045596301396090363e-08,1.554692580269774007e-07,1.327906610230421571e-07,8.975339561557421690e-07,6.160867241069048300e-08,6.910196071199073249e-06,5.775767031002224500e-06,3.271599330567695474e-02,1.113184690193162463e-01,3.619672180628094233e-07,4.489689870779061381e-06,9.043650491569275486e-08,3.771024530654357135e-09,1.032782690179210895e-07,1.429555870248060055e-07,4.002253950694480600e-05,7.358477371276860062e-09,6.288907081091266056e-08,2.347016520407260032e-10,3.800694470659505510e-10,3.091248060536400555e-06,3.633368940630470554e-06,7.163263361242985441e-07,1.563088030271230541e-07,1.227700660213033631e-07,3.471184340602327622e-07,1.012639430175715440e-06,4.687994870813471791e-09,2.818623670489094069e-04,2.353917210408457169e-08,1.499405040260180263e-07,9.282171321610663939e-08,6.194444491074874872e-08,2.052978380356237752e-05,1.017850470176619688e-10,2.313803420401496509e-10,7.435555351290234716e-07,1.221961310212037392e-07,4.906966090851468233e-06,3.067489460532277675e-07,7.264633481260576175e-01,0.000000000000000000e+00,1.809441990313978582e-15,3.332347570578236865e-15,2.226082610386274914e-10,4.575069130793876515e-10
1.439062500000000064e-02,-1.947921880000000050e-01,1.188305919999999993e+01,2.092676249999999982e+03,1.558926639999999864e-01,6.073373085637917557e-02,3.365499673577167228e-02,5.146506843033346286e+02,-1.841796266666710125e+01,1.202023358962163143e-03,9.472157531821661345e-05,2.452259217882699115e-04,3.566587196920579204e-03,2.178442458119114744e-03,1.222969878944077660e-01,9.973397381388887450e-07,8.667130782516727902e-08,1.090700499058280211e-07,9.661717431657993392e-08,6.345538484521209980e-07,4.410035446192339410e-08,4.629888076002516400e-06,3.784241986732654450e-06,3.159024907272472288e-02,1.116635029035888127e-01,2.747630797627673093e-07,3.194413487241917028e-06,6.444248564435982836e-08,2.726239337646142427e-09,7.110548003860694904e-08,9.998768061366982384e-08,2.627781847731151606e-05,4.411766966190843932e-09,3.337508737118367193e-08,1.065776799079799570e-10,1.689430928541331441e-10,2.255757258052360854e-06,2.584604327768431170e-06,4.939165545735483078e-07,1.332663428849367387e-07,1.090903649058104855e-07,2.943475507458578712e-07,8.132351952978459889e-07,4.801681305854188711e-09,2.836418757551012536e-04,2.562658597787379426e-08,1.466658828733674597e-07,8.499810082661194569e-08,5.527362405227629444e-08,1.758779678481455237e-05,7.578585923456586629e-11,1.680383768549142870e-10,5.813335184980718716e-07,1.091045279057982548e-07,4.269229156313912127e-06,2.868633517523198360e-07,7.268083753724676743e-01,0.000000000000000000e+00,5.797508084994384059e-16,1.033336409107808768e-15,1.548971298662605213e-10,2.585746067767445687e-10
1.441406249999999979e-02,-1.952238589999999996e-01,1.185969049999999925e+01,2.092700339999999869e+03,1.559924629999999979e-01,6.035776139992320849e-02,3.359991659341777376e-02,5.172051438387351254e+02,-1.783624533333308193e+01,1.153513878300111784e-03,9.652148405776005450e-05,2.759400395933579611e-04,4.004082084099340293e-03,2.312370296592349862e-03,1.222184258198914797e-01,1.101512508376743963e-06,9.294144286303582178e-08,7.395290509101849447e-08,6.819439369950458811e-08,4.370086993559973722e-07,3.073265555471048243e-08,3.035937475526057553e-06,2.438968166405787438e-06,3.047799555508576633e-02,1.119738508349885087e-01,2.044087476987708111e-07,2.217519276732128257e-06,4.474429353406207945e-08,1.920869637169289359e-09,4.788920072942754817e-08,6.809654979964878209e-08,1.687585687513070906e-05,2.599640106169011638e-09,1.729006837452030259e-08,4.650367383146935179e-11,7.223832379354520845e-11,1.601445097640012840e-06,1.798864457349083636e-06,3.330836865091475796e-07,1.129467948335547135e-07,9.601077895851266137e-08,2.473468876354945535e-07,6.487323340439884417e-07,4.897597622782601531e-09,2.849673295800547734e-04,2.778964055904749285e-08,1.441614007875549668e-07,7.742869798589634660e-08,4.878021242811450476e-08,1.495553667796061007e-05,5.778787361484026186e-11,1.184727948254112502e-10,4.477465363401734113e-07,9.665701025756033882e-08,3.695741234553730327e-06,2.654643726087954812e-07,7.271509699284259831e-01,0.000000000000000000e+00,1.756816527411048096e-16,3.036009755525950574e-16,1.055664048444309170e-10,1.416288727912870498e-10
1.443750000000000068e-02,-1.956418960000000096e-01,1.183622380000000085e+01,2.092578259999999773e+03,1.561021220000000098e-01,5.998086003954656437e-02,3.353909894971487948e-02,5.210472970039254506e+02,-1.728785066666741344e+01,1.106631159556586324e-03,9.797182706074386658e-05,3.078904148766320264e-04,4.480935048204543782e-03,2.444012779020713570e-03,1.221169259510692245e-01,1.211259649514662730e-06,9.922485356024179193e-08,4.850561608056438839e-08,4.672669678127717853e-08,2.933364648824636367e-07,2.086132449164111809e-08,1.949156529218996636e-06,1.546727819380244906e-06,2.938349908822638495e-02,1.122471899550239044e-01,1.496601159400330075e-07,1.502564669397940392e-06,3.028766248786410194e-08,1.319712779471206970e-09,3.156170878735360765e-08,4.518076668189661244e-08,1.060439849575094617e-05,1.508548539395542768e-09,8.764950666487990365e-09,1.952282459217743982e-11,2.973501468808553605e-11,1.106822469556509557e-06,1.225524659508947096e-06,2.197611339119443487e-07,9.531953046180660954e-08,8.375244716644140638e-08,2.061413729174016310e-07,5.143889987938905308e-07,4.975487428006382308e-09,2.858625518854583485e-04,3.002005838797132373e-08,1.425037519429004672e-07,7.023254467185866351e-08,4.259994228293071523e-08,1.262634939494077404e-05,4.504063298195275820e-11,8.114279456748705337e-11,3.400616988637413680e-07,8.498396536594795276e-08,3.184527498723998207e-06,2.431846889025588123e-07,7.274912687085031138e-01,0.000000000000000000e+00,5.046802447977807246e-17,8.465522256607966233e-17,7.053272887173838833e-11,7.537001566980013982e-11
1.446093749999999983e-02,-1.960470800000000124e-01,1.181265900000000002e+01,2.092318150000000060e+03,1.562209989999999993e-01,5.960256132908322430e-02,3.347261778412127103e-02,5.258217452285801983e+02,-1.676031999999885969e+01,1.061429939384416193e-03,9.907490404254082708e-05,3.408216208023381335e-04,4.997844487101465484e-03,2.572511948508053765e-03,1.219925929292495353e-01,1.326047669230949364e-06,1.054828389388244919e-07,3.080923298213197195e-08,3.110853158195839054e-08,1.920444938886224343e-07,1.380244329199517714e-08,1.225941939289006554e-06,9.655153784400427168e-07,2.831011538358135099e-02,1.124817019347654490e-01,1.084721869370907937e-07,9.943553254233165740e-07,2.000066168840047729e-08,8.846903654869176392e-10,2.036476338818931477e-08,2.922168498305268131e-08,6.523007916216935699e-06,8.634480984992372868e-10,4.359691387471567005e-09,7.899045745418892743e-12,1.179399569315999017e-11,7.452893965677641245e-07,8.177350555257489274e-07,1.419182449176935200e-07,8.020884695348231502e-08,7.246370255797416326e-08,1.705267079011018378e-07,4.056899207647172823e-07,5.035426717079669578e-09,2.863575588339249320e-04,3.231015928126150267e-08,1.417408829177963765e-07,6.349706646317444101e-08,3.683218477863892215e-08,1.058689829386005425e-05,3.571856127928477412e-11,5.403313116866310693e-11,2.549695618521286529e-07,7.417778725698006772e-08,2.732332708415364350e-06,2.206122368720544059e-07,7.278293745778903201e-01,0.000000000000000000e+00,1.378395999200589724e-17,2.244886528698062175e-17,4.623404307318624507e-11,3.908208577733407298e-11
1.448437500000000072e-02,-1.964399000000000006e-01,1.178899640000000026e+01,2.091925209999999879e+03,1.563486940000000103e-01,5.922253336207481539e-02,3.340058366787218569e-02,5.312281748749833241e+02,-1.624264533333352034e+01,1.017932999454479069e-03,9.983856544649548218e-05,3.744742987993153341e-04,5.555247597022885259e-03,2.697123758554583351e-03,1.218457679347015737e-01,1.445274999225461959e-06,1.116805239401492473e-07,1.897314148983209507e-08,2.014259248920537696e-08,1.227288889342283228e-07,8.908027065226096124e-09,7.558597945949268127e-07,5.935128266819301914e-07,2.726037198539088546e-02,1.126760429396157365e-01,7.843835545796406745e-08,6.431316586553390100e-07,1.289471739308958583e-08,5.791208316896431022e-10,1.287219659310165534e-08,1.843739129011920739e-08,3.929969277893888166e-06,4.879920517384799298e-10,2.133890198856426135e-09,3.087001248345644013e-12,4.512850147581516736e-12,4.893575497377482125e-07,5.347586597134173228e-07,8.975346475190018754e-08,6.736291286389950818e-08,6.222766926665154051e-08,1.401325379249014963e-07,3.184756118293256086e-07,5.077775067278767665e-09,2.864862968464689766e-04,3.465298048142910844e-08,1.418944799239572804e-07,5.727939596930337388e-08,3.154265658309596167e-08,8.818791375273916805e-06,2.866010928464074837e-11,3.501527248123494931e-11,1.889556398987367140e-07,6.429418716554407612e-08,2.335043488748625801e-06,1.982677838937462247e-07,7.281653596097685810e-01,0.000000000000000000e+00,3.591936128075043378e-18,5.675529556958424195e-18,2.975084168405621512e-11,1.980906038938412016e-11
1.450781249999999988e-02,-1.968205869999999913e-01,1.176523599999999981e+01,2.091402090000000044e+03,1.564850130000000061e-01,5.884055669268187239e-02,3.332313578091956885e-02,5.370235678368362642e+02,-1.572595199999978099e+01,9.761366985799647695e-04,1.002751650595777794e-04,4.085907352427613302e-04,6.153334183655960118e-03,2.817217311673829872e-03,1.216769770722935240e-01,1.568300350931794773e-06,1.177875180699826240e-07,1.134290360673930690e-08,1.269789870754436670e-08,7.662751294552770484e-08,5.613039653334947982e-09,4.571662592716221237e-07,3.594531882135665758e-07,2.623608141558798207e-02,1.128293010670367441e-01,5.714440173395194856e-08,4.068739812417412757e-07,8.123571104826561899e-09,3.705026782201316003e-10,7.975936994738846278e-09,1.135774620674812457e-08,2.320497651378707275e-06,2.724878651618967291e-10,1.030826540612458318e-09,1.168561270694292418e-12,1.668096920991087915e-12,3.136061521863268448e-07,3.429872302037834083e-07,5.562400433304861373e-08,5.650448183357173958e-08,5.307284143153285344e-08,1.144829460680192300e-07,2.490212991479542521e-07,5.103123283031985231e-09,2.862846201700939750e-04,3.704233622200844356e-08,1.429635620849407898e-07,5.160956753066346257e-08,2.676761351590378747e-08,7.300196924337360796e-06,2.314611491375209923e-11,2.210493401313349382e-11,1.385936560823444400e-07,5.535564913288917280e-08,1.988062651181193275e-06,1.765913131049204823e-07,7.284992714328326624e-01,0.000000000000000000e+00,8.968225335328409166e-19,1.372011080815170635e-18,1.880281181117155901e-11,9.847482495850811348e-12
1.453125000000000076e-02,-1.971891640000000001e-01,1.174137799999999920e+01,2.090749389999999948e+03,1.566299310000000000e-01,5.845650210258060420e-02,3.324043545445642261e-02,5.430170029967043774e+02,-1.520320000000015170e+01,9.360164534641338824e-04,1.004005299425210463e-04,4.429195397464301192e-04,6.792065256111565891e-03,2.932269568321285800e-03,1.214868869304491783e-01,1.694469669029921885e-06,1.237782269291373969e-07,6.592072946226060911e-09,7.802158485533291244e-09,4.678716477321451560e-08,3.456346368021253820e-09,2.714631278445882888e-07,2.146029868771405562e-07,2.523846278555106834e-02,1.129409459353417078e-01,4.240647617572243988e-08,2.520062318557272948e-07,5.005651657134281498e-09,2.318834428672475496e-10,4.848454617224275975e-09,6.837028066085824975e-09,1.343764349230699704e-06,1.503579699139205766e-10,4.928977917178177680e-10,4.300329427538076366e-13,5.965279116584898266e-13,1.963469708875920627e-07,2.159331578763790315e-07,3.380443998064707472e-08,4.736292937288488650e-08,4.498472857424639832e-08,9.304884834672985931e-08,1.940721568888943767e-07,5.112242227073259967e-09,2.857886228363869935e-04,3.947283517740194106e-08,1.449286799170288256e-07,4.649481887338187443e-08,2.251868338710813175e-08,6.007319316560830932e-06,1.873527278927412307e-11,1.360916719220879819e-11,1.007467859423228135e-07,4.735623657288872197e-08,1.686611839034420600e-06,1.559358689107272558e-07,7.288311375827467575e-01,0.000000000000000000e+00,2.156123388765626869e-19,3.182138878178236898e-19,1.167717209331485999e-11,4.818234507241578049e-12
1.455468749999999992e-02,-1.975454889999999908e-01,1.171742260000000080e+01,2.089966120000000046e+03,1.567835599999999885e-01,5.807031034411159337e-02,3.315265830547186460e-02,5.490641896469788890e+02,-1.466914133333282066e+01,8.975319854271266405e-04,1.002330060476999121e-04,4.772195382271040794e-04,7.471195463555468236e-03,3.041857351447590455e-03,1.212762530577141812e-01,1.823139010867613956e-06,1.296318540616905267e-07,3.729400431774785092e-09,4.678098702226261292e-09,2.796440121330798640e-08,2.081975940990791963e-09,1.583861640753744301e-07,1.263778870601420215e-07,2.426826101154902840e-02,1.130107850537807324e-01,3.239585211541686839e-08,1.529596750727919999e-07,3.019871331437127224e-09,1.421158680676315426e-10,2.893899761377178245e-09,4.025594741915741173e-09,7.637250983634493202e-07,8.198290073901486052e-11,2.339165041113185578e-10,1.545850980735655453e-13,2.067367720983840170e-13,1.202224680572127145e-07,1.335515110635558500e-07,2.016101440959442719e-08,3.969097491888854501e-08,3.791715331804440132e-08,7.528953143582954070e-08,1.508438830717851123e-07,5.106035472429912287e-09,2.850333661356446095e-04,4.193987091995877354e-08,1.477562380703157580e-07,4.192431201995137032e-08,1.878780530894093075e-08,4.915656502339313116e-06,1.515290570721111930e-11,8.180547663893043417e-12,7.268143263458838167e-08,4.026702711916268400e-08,1.425956040678598513e-06,1.365673620649910621e-07,7.291609703470005588e-01,0.000000000000000000e+00,5.020933382389413256e-20,7.108778813382998206e-20,7.129446203392833861e-12,2.328596731108156220e-12
1.457812500000000080e-02,-1.978892969999999918e-01,1.169336990000000043e+01,2.089050130000000081e+03,1.569461090000000003e-01,5.768197417050844461e-02,3.305998991176020002e-02,5.550591985929337397e+02,-1.412006400000060857e+01,8.606318315498982146e-04,9.979262434780946463e-05,5.112629117326147107e-04,8.190298035716556818e-03,3.145647848354858264e-03,1.210458889366942264e-01,1.953692048978239182e-06,1.353321799292226432e-07,2.056816448924305837e-09,2.740408448566794169e-09,1.637839519143426325e-08,1.228089549357721455e-09,9.088220805246952830e-08,7.345589686158330508e-08,2.332585078780081631e-02,1.130389139408817939e-01,2.567357478657297824e-08,9.107775535236725587e-08,1.785604969066146516e-09,8.538238805534586851e-11,1.697508149112220439e-09,2.320598268786350655e-09,4.263466237770250207e-07,4.416270347690335230e-11,1.104415599422401922e-10,5.462699997143063277e-14,6.956913036361604926e-14,7.206438856231106131e-08,8.121735625752414123e-08,1.180929339382385856e-08,3.327080718259970527e-08,3.180232468336770581e-08,6.068276626826352647e-08,1.169983389388110533e-07,5.085497557340336557e-09,2.840519548514436896e-04,4.443959197675854275e-08,1.514025949208179928e-07,3.787374698019241340e-08,1.555195949186648314e-08,4.001005107907514802e-06,1.222095309360856616e-11,4.806795037486094681e-12,5.210926807274738465e-08,3.404160198219658527e-08,1.201555769371598461e-06,1.186689269379373553e-07,7.294887666184847186e-01,0.000000000000000000e+00,1.140331019403618476e-20,1.536622549196362187e-20,4.281647177760742377e-12,1.115461559416624761e-12
1.460156249999999996e-02,-1.982202359999999941e-01,1.166921999999999926e+01,2.087998430000000099e+03,1.571178619999999970e-01,5.729152370999709282e-02,3.296261959045040935e-02,5.609272052043388612e+02,-1.355332266666613172e+01,8.252571693173334048e-04,9.910038513810673290e-05,5.448376332095046341e-04,8.948791683441049624e-03,3.243388801247169568e-03,1.207966290464495274e-01,2.085552100801950338e-06,1.408671650541671776e-07,1.107442280425841137e-09,1.570300760603822326e-09,9.409987753618390537e-09,7.101540342730731165e-10,5.133307321973892889e-08,4.216920731621518202e-08,2.241132540861775352e-02,1.130256690434613687e-01,2.116539220813865706e-08,5.326092562048024325e-08,1.035908020398334266e-09,5.034087321935740683e-11,9.794842733766379171e-10,1.311011190504118743e-09,2.339665820899663991e-07,2.349835120903574399e-11,5.197858381998715324e-11,1.913613010735835291e-14,2.278216510876034776e-14,4.233395731627853897e-08,4.860864421869131502e-08,6.799369942614538422e-09,2.791402971073368643e-08,2.655927461021275034e-08,4.874445541874354128e-08,9.060331263483938937e-08,5.051678511942504890e-09,2.828749601087729372e-04,4.696886041806077771e-08,1.558177400599160758e-07,3.430953101319292881e-08,1.277750310491329147e-08,3.240212491245948310e-06,9.816404703774669435e-12,2.764248821062927436e-12,3.717776341429583609e-08,2.862119401100561253e-08,1.009159740388048956e-06,1.023485930393557628e-07,7.298145172806330683e-01,0.000000000000000000e+00,2.546160920979067160e-21,3.231127321242455007e-21,2.530852090973180192e-12,5.313678482043251429e-13
1.462500000000000085e-02,-1.985378919999999936e-01,1.164497309999999963e+01,2.086807470000000194e+03,1.572991549999999961e-01,5.689901478237204685e-02,3.286073739539269178e-02,5.666172828685693048e+02,-1.296721066666771449e+01,7.913448679197948761e-04,9.817768049004940614e-05,5.777491779414433868e-04,9.745967529012217190e-03,3.334898619661998131e-03,1.205293079877840096e-01,2.218189219775180160e-06,1.462284799851793041e-07,5.829780289409134087e-10,8.812737709106802975e-10,5.309289249461888555e-09,4.030215249591525704e-10,2.856846689710450362e-08,2.392666119757496549e-08,2.152456679781842089e-02,1.129715919885499881e-01,1.810522449816498196e-08,3.062695269689586582e-08,5.903055339401708748e-10,2.915984989704456115e-11,5.564996159435971152e-10,7.265806589263588879e-10,1.263203149871970573e-07,1.234848499874844581e-11,2.442207349752475205e-11,6.716393879319274132e-15,7.279932099262157454e-15,2.439799589752719469e-08,2.865793009709543483e-08,3.851390859609650553e-09,2.345873229762238929e-08,2.210056149776004588e-08,3.903960539604322534e-08,7.008400539289678750e-08,5.005654549492662192e-09,2.815300799714660776e-04,4.952520009498047716e-08,1.609483889836874172e-07,3.119232219683856777e-08,1.042399009894349818e-08,2.611696709735296748e-06,7.847840609204597420e-12,1.557694819842122922e-12,2.642884829732135846e-08,2.393924939757368760e-08,8.448527969143717781e-07,8.764912629111650220e-08,7.301382009259983485e-01,0.000000000000000000e+00,5.641085969428258869e-22,6.650803609325921118e-22,1.473397329850666915e-12,2.524680759744116258e-13
1.464843750000000000e-02,-1.988418110000000072e-01,1.162062910000000038e+01,2.085473390000000109e+03,1.574903569999999975e-01,5.650452006153000584e-02,3.275452954013413631e-02,5.720969556623489325e+02,-1.236083200000045323e+01,7.588298855889881369e-04,9.704583274743619698e-05,6.098215756696967818e-04,1.058101569426890889e-02,3.420057108147564039e-03,1.202447369348707690e-01,2.351123508726539935e-06,1.514109999179899045e-07,3.004916048372420073e-10,4.850045367373026441e-10,2.945122308404807017e-09,2.247256538782798244e-10,1.568096669150657985e-08,1.342766359272705401e-08,2.066530138880686568e-02,1.128773869388612072e-01,1.596856109135080394e-08,1.734215619060681245e-08,3.307820608208355627e-10,1.661329789100158871e-11,3.116386698312043260e-10,3.954287627858203874e-10,6.715685736362523016e-08,6.408866726528708594e-12,1.146682719378911995e-11,2.391840378704486238e-15,2.277876188766213798e-15,1.380964929252015640e-08,1.665903189097681847e-08,2.148071728836520900e-09,1.976576008929409687e-08,1.833735429006777385e-08,3.118670598310806417e-08,5.417202807065832308e-08,4.948504737319697047e-09,2.800420218483183339e-04,5.210673817177695873e-08,1.667404929096868701e-07,2.847989488457417892e-08,8.447404535424556701e-09,2.095767468864850344e-06,6.242779886618667449e-12,8.612220445335285671e-13,1.874189488984866210e-08,1.992528358920769099e-08,7.050730186181050241e-07,7.455906295961590731e-08,7.304597946043545065e-01,0.000000000000000000e+00,1.253690789320952150e-22,1.349880489268852023e-22,8.454686345420612522e-13,1.199487309350310984e-13
1.467187499999999915e-02,-1.991315180000000074e-01,1.159618810000000089e+01,2.083992119999999886e+03,1.576918629999999877e-01,5.610812238008434927e-02,3.264417784185310450e-02,5.773473162753798533e+02,-1.173350399999935689e+01,7.276470606398479550e-04,9.572574025262012949e-05,6.408978336827848886e-04,1.145304989433126343e-02,3.498796618268255366e-03,1.199436989406333504e-01,2.483925608770570209e-06,1.564123029225830666e-07,1.518851949248237615e-10,2.620851538702798341e-10,1.608025389204100895e-09,1.232624779389906914e-10,8.497443125794153913e-09,7.458834376308218117e-09,1.983314159018350134e-02,1.127438889441969294e-01,1.440924989286808063e-08,9.685464205206136911e-09,1.824789279096812615e-10,9.320361085386847877e-12,1.721886789147744655e-10,2.115408018952969885e-10,3.518666668258420916e-08,3.285457388373848588e-12,5.383332207335496946e-12,8.756482615665940965e-16,7.012950206528910507e-16,7.684939886196305764e-09,9.557352845269547600e-09,1.180713429415600751e-09,1.671523109172672514e-08,1.518310469248505718e-08,2.485749378769667844e-08,4.185596857928320958e-08,4.881292747583983122e-09,2.784325278621886451e-04,5.471214347291998436e-08,1.731411609143030331e-07,2.612935068706716632e-08,6.802774556632937036e-09,1.674785229171057809e-06,4.941116737554372573e-12,4.677652447684775554e-13,1.327271639343061237e-08,1.650800049182929501e-08,5.866091497096552873e-07,6.302405726880597601e-08,7.307792656382976482e-01,0.000000000000000000e+00,2.833664378597465380e-23,2.724184078651653375e-23,4.785788767631253008e-13,5.710221167173701366e-14
1.469531250000000004e-02,-1.994065220000000027e-01,1.157164999999999999e+01,2.082359530000000177e+03,1.579040810000000017e-01,5.570990990355046552e-02,3.252985529229705797e-02,5.823587952641004222e+02,-1.108526933333367737e+01,6.977324180227557947e-04,9.423761510307345542e-05,6.708398390218786719e-04,1.236113010040314382e-02,3.571094110116467078e-03,1.196269280039014976e-01,2.616215410085324841e-06,1.612322120052584059e-07,7.540033000245910707e-11,1.392406050045411786e-10,8.652138150282180150e-10,6.658519410217160849e-11,4.550647840148414494e-09,4.104105920133851294e-09,1.902761840062056758e-02,1.125720360036714107e-01,1.320639030043071090e-08,5.346263850174362321e-09,9.921810110323589189e-11,5.154909850168122246e-12,9.396826450306468102e-11,1.113504560036315687e-10,1.818486750059307807e-08,1.664067960054271722e-12,2.527504620082431583e-12,3.331477260108652131e-16,2.139496300069777688e-16,4.209128290137276779e-09,5.416487230176652323e-09,6.401602510208781538e-10,1.420368070046323781e-08,1.255605130040950226e-08,1.977378690064489861e-08,3.233603920105460078e-08,4.805053150156712095e-09,2.767205010090249503e-04,5.734056360187010012e-08,1.801000680058737895e-07,2.409874770078595417e-08,5.446174430177621432e-09,1.333195550043480694e-06,3.891790350126926301e-12,2.499102920081505516e-13,9.395955640306439298e-09,1.361770390044412633e-08,4.865866380158695314e-07,5.295784020172716187e-08,7.310965820238439772e-01,0.000000000000000000e+00,6.642465810216635625e-24,5.516789570179923869e-24,2.674625830087230336e-13,2.727933470088968819e-14
1.471874999999999920e-02,-1.996663330000000014e-01,1.154701490000000064e+01,2.080571500000000015e+03,1.581274269999999871e-01,5.530997288315692151e-02,3.241172674846842100e-02,5.871292844031454479e+02,-1.041604266666674761e+01,6.690240860493590954e-04,9.260079660683186436e-05,6.995278140516095677e-04,1.330428130098155852e-02,3.636963900268326468e-03,1.192951130088013012e-01,2.747659680202715557e-06,1.658723830122376716e-07,3.682216070271665367e-11,7.282766160537305790e-11,4.593388950338889458e-10,3.546653240261664017e-11,2.410866760177868244e-09,2.238570000165156592e-09,1.824820560134630953e-02,1.123628410082898738e-01,1.222330860090180763e-08,2.924787840215784211e-09,5.323330140392742706e-11,2.814038830207613008e-12,5.070441410374085523e-11,5.772798300425903935e-11,9.278095520684517540e-09,8.330517330614605740e-13,1.186681010087550490e-12,1.324598100097726026e-16,6.537129640482292944e-17,2.271430600167581072e-09,3.035271130223935031e-09,3.426611400252807541e-10,1.214183970089579755e-08,1.038079310076587065e-08,1.570269120115850538e-08,2.498411430184326839e-08,4.720781460348288737e-09,2.749222070202831129e-04,5.999156470442603567e-08,1.875704140138385044e-07,2.234823630164879948e-08,4.336157810319910873e-09,1.057471910078017874e-06,3.051060490225100085e-12,1.315109910097025515e-13,6.654751020490972633e-09,1.118806360082542807e-08,4.024476980296916493e-07,4.425225450326483046e-08,7.314117070539618570e-01,0.000000000000000000e+00,1.663772830122749018e-24,1.132006220083516592e-24,1.477122820108978565e-13,1.309066970096579948e-14
1.474218750000000008e-02,-1.999104590000000126e-01,1.152228260000000049e+01,2.078623950000000150e+03,1.583623210000000003e-01,5.490840112835306680e-02,3.228994783670054158e-02,5.916611139136936117e+02,-9.726336000000298299e+00,6.414628990415839963e-04,9.083362710588844700e-05,7.268594710471199850e-04,1.428151060092582546e-02,3.696451250239629269e-03,1.189488940077110812e-01,2.877969150186569511e-06,1.703359470110423355e-07,1.772075270114877892e-11,3.755227010243439007e-11,2.409283340156186141e-10,1.865065210120906331e-11,1.264848660081996199e-09,1.211310730078525468e-09,1.749433820113410407e-02,1.121173680072682088e-01,1.137783690073758901e-08,1.592106970103211194e-09,2.821648230182918296e-11,1.518004830098407427e-12,2.708138470175560013e-11,2.950491690191270621e-11,4.677283730303213055e-09,4.123884930267338122e-13,5.570204910361098387e-13,5.498237510356432758e-17,2.032108500131735309e-17,1.208983990078374625e-09,1.683374610109127881e-09,1.812400780117492142e-10,1.045290610067762723e-08,8.589145570556807296e-09,1.245111660080716539e-08,1.930959020125177963e-08,4.629427300300111234e-09,2.730515120177010903e-04,6.266507470406237792e-08,1.955095150126742559e-07,2.084079590135104130e-08,3.434690300222660010e-09,8.359959070541949651e-07,2.381515230154385958e-12,6.825934220442503256e-14,4.719093950305923758e-09,9.157320790593639791e-09,3.319287180215178562e-07,3.678601020238472457e-08,7.317246020474353907e-01,0.000000000000000000e+00,4.641406680300888523e-25,2.377042410154096378e-25,8.068912360523081803e-14,6.313219810409266261e-15
1.476562499999999924e-02,-2.001384200000000113e-01,1.149745309999999954e+01,2.076512949999999819e+03,1.586091829999999869e-01,5.450528256216383843e-02,3.216466368847005486e-02,5.959592316559625260e+02,-9.016533333332327871e+00,6.149927599576784617e-04,8.895337689387856060e-05,7.527489329481986454e-04,1.529181989894767314e-02,3.749626849741964554e-03,1.185888569918391588e-01,3.006895339793076623e-06,1.746272069879828019e-07,8.420612939420524845e-12,1.911707059868443365e-11,1.250235949913963515e-10,9.695342679332802839e-12,6.578464799547294315e-10,6.507300389552191442e-10,1.676542639884626498e-02,1.118367169923038112e-01,1.062187389926904226e-08,8.674725479403037208e-10,1.479346049898196901e-11,8.101564809442480564e-13,1.433303069901365373e-11,1.488074049897596226e-11,2.331739229839538684e-09,2.019838189861002092e-13,2.613131269820174024e-13,2.367387669837085048e-17,6.564455649548258505e-18,6.353447969562779698e-10,9.248395939363559938e-10,9.480572399347581359e-11,9.071142479375758277e-09,7.120459109509996406e-09,9.860222639321454923e-09,1.493092009897250850e-08,4.531889999688132386e-09,2.711201379813425174e-04,6.536133339550206562e-08,2.038791039859698013e-07,1.954265719865514820e-08,2.707665649813668341e-09,6.588982159546570999e-07,1.851374459872595047e-12,3.499594979759170810e-14,3.352749279769276296e-09,7.469023179486009842e-09,2.730368859812106338e-07,3.043197749790578572e-08,7.320352289496240283e-01,0.000000000000000000e+00,1.500663519896729934e-25,5.163237389644685090e-26,4.363795699699699522e-14,3.060138179789413183e-15
1.478906250000000012e-02,-2.003497449999999958e-01,1.147252600000000022e+01,2.074234669999999824e+03,1.588684310000000044e-01,5.410070241966745408e-02,3.203601001336451454e-02,6.000310468680709164e+02,-8.287274666667643785e+00,5.895608237432500842e-04,8.697620780964952249e-05,7.771255349797098755e-04,1.633421582059228772e-02,3.796581994786291363e-03,1.182155411490324604e-01,3.134227393951271092e-06,1.787513812253490287e-07,3.960033174992351664e-12,9.623612002132335071e-12,6.428447858104241980e-11,4.989005746289560935e-12,3.395410624280540798e-10,3.473221554378635392e-10,1.606086692024768364e-02,1.115220021405940176e-01,9.927936362515992114e-09,4.773462386017829150e-10,7.680972289683279253e-12,4.282956425399455953e-13,7.525580709487380679e-12,7.412691739345063702e-12,1.150475821450386689e-09,9.794209462347404432e-14,1.224775201544054654e-13,1.047993581321188951e-17,2.256586982844843525e-18,3.300016514160278534e-10,5.037871186351164893e-10,4.908839746188496908e-11,7.940668940010675049e-09,5.921549357465204410e-09,7.800170079833551724e-09,1.155233721456384952e-08,4.429016195583590585e-09,2.691379253392979379e-04,6.808084948582845981e-08,2.126454222680787328e-07,1.842348592322619925e-08,2.125094332679072780e-09,5.178790506528819553e-07,1.433893281807686682e-12,1.775055752237784834e-14,2.387787853010246134e-09,6.072380027655353662e-09,2.240269602824272664e-07,2.506297323159649504e-08,7.323435509232538720e-01,0.000000000000000000e+00,5.680876577161791122e-26,1.176329911482980575e-26,2.338689152948348365e-14,1.490538281879098105e-15
1.481249999999999928e-02,-2.005439780000000116e-01,1.144750140000000016e+01,2.071785490000000209e+03,1.591404790000000014e-01,5.369474250889794825e-02,3.190411288922286731e-02,6.038842316880828776e+02,-7.539413333333014222e+00,5.651175409261891122e-04,8.491716588890883821e-05,7.999325678955195073e-04,1.740771799772634909e-02,3.837424579498788235e-03,1.178294379846101109e-01,3.259788929574233786e-06,1.827143939761354066e-07,1.848407989758576926e-12,4.798961749373200439e-12,3.280737509571497936e-11,2.544927599667603014e-12,1.741048779772599100e-10,1.843206229759256005e-10,1.538005099799118897e-02,1.111743449854793453e-01,9.280643578787840990e-09,2.687807099648941293e-10,3.954507229483495719e-12,2.245616409706696775e-13,3.924503949487414539e-12,3.650377359523218641e-12,5.622636369265619017e-10,4.704900709385485344e-14,5.733571509251130245e-14,4.728496039382403447e-18,8.408172788901795855e-19,1.695845349778503115e-10,2.723379069644295019e-10,2.517993999671121212e-11,7.014366909083843014e-09,4.946360089353948839e-09,6.165376169194730329e-09,8.945113388831665229e-09,4.321598879435548930e-09,2.671130819651119730e-04,7.082436549074952852e-08,2.217791309710330769e-07,1.745639069771999715e-08,1.661049519783047999e-09,4.060219019469688516e-07,1.106792369855440179e-12,8.922789498834580359e-15,1.705455549777247964e-09,4.922322259357088090e-09,1.833786399760486428e-07,2.055611299731513240e-08,7.326495299043075393e-01,0.000000000000000000e+00,2.443667229680829109e-26,2.870786749625042109e-27,1.243211729837622237e-14,7.292631569047498823e-16
1.483593750000000017e-02,-2.007206830000000108e-01,1.142237899999999939e+01,2.069161959999999908e+03,1.594257360000000123e-01,5.328748121934174381e-02,3.176908933631437948e-02,6.075268580598967674e+02,-6.773546666666171667e+00,5.416166182774503684e-04,8.279019724241037785e-05,8.211260454206327887e-04,1.851136350948269158e-02,3.872275821983624938e-03,1.174309960601555847e-01,3.383435121733209829e-06,1.865227050955487548e-07,8.595518674403168947e-13,2.375298561216778080e-12,1.665114790852977236e-11,1.288949680660281508e-12,8.878945984548358852e-11,9.732980114985849859e-11,1.472237080754173165e-02,1.107948590567561370e-01,8.671506144442096108e-09,1.576004030807329156e-10,2.021516581035548881e-12,1.169234090598955772e-13,2.035175031042545664e-12,1.778643740911134033e-12,2.724046571395429436e-10,2.240564841147759191e-14,2.680195041372965618e-14,2.159374691106168405e-18,3.410470451747059216e-19,8.631017754421353990e-11,1.462267380749066194e-10,1.280629740656019716e-11,6.252851263203106582e-09,4.155452972128686391e-09,4.870354792494903985e-09,6.932653923551344585e-09,4.210377622156822409e-09,2.650524251357766221e-04,7.359283113769890205e-08,2.312551321184635308e-07,1.661780710851269439e-08,1.293446010662584828e-09,3.176107491627003785e-07,8.516998604362946530e-13,4.453955822281598201e-15,1.222078000626025762e-09,3.979344372038472323e-09,1.497747490767241043e-07,1.679587150860390993e-08,7.329531313754650279e-01,0.000000000000000000e+00,1.140088530584025600e-26,7.739178233964496819e-28,6.561203943361064438e-15,3.582190621835024989e-16
1.485937499999999932e-02,-2.008794379999999935e-01,1.139715840000000036e+01,2.066360839999999826e+03,1.597246029999999928e-01,5.287899347756128826e-02,3.163104783403233172e-02,6.109664411623448359e+02,-5.990784000000114240e+00,5.190148915361875821e-04,8.060817662796531703e-05,8.406734932487406860e-04,1.964421048244514856e-02,3.901267446513671886e-03,1.170206238954257100e-01,3.505049816867748174e-06,1.901831698300447559e-07,4.002383826423310094e-13,1.169700788954708789e-12,8.424448072471576867e-12,6.493366954197268195e-13,4.508608705970928216e-11,5.117597575426711113e-11,1.408722438741109514e-02,1.103846439013558833e-01,8.095835792765239244e-09,9.813549591230220255e-11,1.027532239081756178e-12,6.053785704590095182e-14,1.050876119060895149e-12,8.582191012330611733e-13,1.309305668829952295e-10,1.058511739054071760e-14,1.250879688882164121e-14,9.931578431124745884e-19,1.488998478669371705e-19,4.354943506108249097e-11,7.804975363025162792e-11,6.463095964224320478e-12,5.623497454974618588e-09,3.515397496858500908e-09,3.846146606562930960e-09,5.378758595193326782e-09,4.096039606339615745e-09,2.629615917650070375e-04,7.638738303173719364e-08,2.410522967845861002e-07,1.588729758580247792e-08,1.003714819103040506e-09,2.479574567784153256e-07,6.536121524159061950e-13,2.212898378022465755e-15,8.788324202146403202e-10,3.209193337132137260e-09,1.220803468909041483e-07,1.367603828777854721e-08,7.332543233447347264e-01,0.000000000000000000e+00,5.554377695036387306e-27,2.382324657871059964e-28,3.440983126925000848e-15,1.765675768422121996e-16
1.488281250000000021e-02,-2.010198470000000015e-01,1.137183959999999949e+01,2.063379109999999855e+03,1.600374750000000124e-01,5.246935101772669252e-02,3.149008915791248753e-02,6.142101546071911571e+02,-5.191936000000602291e+00,4.972721719132283278e-04,7.838295078632253980e-05,8.585528318501865546e-04,2.080533949636956606e-02,3.924539569315186466e-03,1.165986949796540828e-01,3.624542949367534405e-06,1.937029289661997637e-07,1.878959619672130420e-13,5.747182878997143512e-13,4.260891299256494659e-12,3.260419609431072114e-13,2.282338939601742606e-11,2.681332709532120186e-11,1.347401929764884682e-02,1.099447769808151454e-01,7.550966208682392175e-09,6.592103368849708664e-11,5.201668239092332959e-13,3.121347659455339422e-14,5.410525489055888149e-13,4.104154449283844433e-13,6.248161208909725261e-11,4.964480099133721609e-15,5.828373528982976695e-15,4.585649829199824957e-19,6.862985438802441257e-20,2.180643839619487791e-11,4.144777369276755976e-11,3.239322299434753408e-12,5.099526159110156655e-09,2.998116809476842631e-09,3.037303499470004831e-09,4.178444509270881160e-09,3.979221259305644395e-09,2.608452379544837544e-04,7.920933278617834628e-08,2.511531649561749541e-07,1.524730089733941569e-08,7.764232838645177433e-10,1.932435879662799037e-07,5.003865579126849144e-13,1.097415769808506347e-15,6.344131358892979379e-10,2.582459929549372777e-09,9.932288298266861517e-08,1.110077249806296788e-08,7.335530778719984157e-01,0.000000000000000000e+00,2.762071409518031523e-27,8.499986658516791793e-29,1.794851619686806908e-15,8.728911778476845326e-17
1.490624999999999936e-02,-2.011415330000000112e-01,1.134642209999999984e+01,2.060213990000000194e+03,1.603647370000000072e-01,5.205862257044609892e-02,3.134630713366887145e-02,6.172642686788062747e+02,-4.378026666665443933e+00,4.763510528832281990e-04,7.612538538133875967e-05,8.747513317855650601e-04,2.199385419460846841e-02,3.942238949033607595e-03,1.161655509715233958e-01,3.741848029082730088e-06,1.970893189516858938e-07,8.974381717800037196e-14,2.827361599306906047e-13,2.161952299470023005e-12,1.635729709599020414e-13,1.153294329717283623e-11,1.400924619656579948e-11,1.288217479684208855e-02,1.094763139731631807e-01,7.035258138275389994e-09,4.799671248823417771e-11,2.627397399355924688e-13,1.605250689606492038e-14,2.781860349318060290e-13,1.946765639522773454e-13,2.962601999273753700e-11,2.313137589432962042e-15,2.711280289335361907e-15,2.121547919479927597e-19,3.277460899196569297e-20,1.084687049734101792e-11,2.191616939462750954e-11,1.613637139604436075e-12,4.659153508857863448e-09,2.580229489367487136e-09,2.399370379411823087e-09,3.250812209203102043e-09,3.860510209053641526e-09,2.587072039365810030e-04,8.206015917988392643e-08,2.615436139358856727e-07,1.468285399640067210e-08,5.988774198531922832e-10,1.503787959631364120e-07,3.822771429062892854e-13,5.451034708663743670e-16,4.598194178872807006e-10,2.074115869491555110e-09,8.067348308022385588e-08,8.984955947797445412e-09,7.338493678201055692e-01,0.000000000000000000e+00,1.385842619660277230e-27,3.453945509153306684e-29,9.319624117715406174e-16,4.326285718939461852e-17
1.492968750000000025e-02,-2.012441429999999865e-01,1.132090570000000085e+01,2.056862929999999778e+03,1.607067699999999988e-01,5.164687423117974435e-02,3.119978928558497788e-02,6.201338245054798790e+02,-3.550080000000250369e+00,4.562167148083407842e-04,7.384541756897711228e-05,8.892646716264148181e-04,2.320888079024981815e-02,3.954517588338684470e-03,1.157215059513847372e-01,3.856919908379685993e-06,2.003498079158319067e-07,4.409939488147359020e-14,1.398721659412388897e-13,1.105239329535682581e-12,8.223855546545110751e-14,5.825686367552595189e-12,7.304241236931445294e-12,1.231112359482802558e-02,1.089802819542167595e-01,6.547560257249332056e-09,3.756166808422012824e-11,1.327157179442453458e-13,8.249409566534376422e-15,1.430869229398883740e-13,9.166558536149075961e-14,1.396761109413212646e-11,1.071487579549861990e-15,1.259342029470943233e-15,9.825301285872335742e-20,1.599608009327995445e-20,5.365097057746091793e-12,1.154782639514869276e-11,7.995223906641160674e-13,4.284816318199924128e-09,2.242415709057948314e-09,1.896800459203143298e-09,2.533522598935652805e-09,3.740447538428616203e-09,2.565506718922215762e-04,8.494150756431558958e-08,2.722125298856419687e-07,1.418130619404235214e-08,4.607324348064436771e-10,1.168765209508995029e-07,2.915207968775304733e-13,2.723577748855809602e-16,3.346763378594005640e-10,1.663030939301351307e-09,6.542948097251268989e-08,7.254025836952542649e-09,7.341431706915823030e-01,0.000000000000000000e+00,6.979612247067825371e-28,1.538587159353630674e-29,4.821235107974571145e-16,2.148986569097197988e-17
1.495312499999999940e-02,-2.013273479999999893e-01,1.129528999999999961e+01,2.053323629999999866e+03,1.610639409999999883e-01,5.123416992791202107e-02,3.105061706132022578e-02,6.228233935998048310e+02,-2.709120000000942774e+00,4.368367158665574014e-04,7.155211087814262723e-05,9.020960827244324650e-04,2.444956659253127301e-02,3.961531758789852038e-03,1.152668479647888933e-01,3.969732678787347232e-06,2.034919389378383402e-07,2.256648419310650807e-14,6.994925157863227310e-14,5.722659458251871657e-13,4.158585498729656674e-14,2.946515709099913875e-12,3.803237828838206713e-12,1.176031309640752053e-02,1.084576769668689211e-01,6.086927558140597325e-09,3.107430089050758578e-11,6.723071417946271815e-14,4.245378228703144911e-15,7.377681987746303639e-14,4.287757168690198819e-14,6.552532367998366770e-12,4.937832398491617262e-16,5.841609508215536054e-16,4.553194178609114245e-20,7.911820747583138521e-21,2.641444999193105265e-12,6.067861358146421547e-12,3.943270538795430196e-13,3.962477968789562626e-09,1.968826319398572961e-09,1.501240869541408821e-09,1.978532839395608105e-09,3.619530198894324914e-09,2.543782819222938692e-04,8.785519147316245727e-08,2.831514739135043746e-07,1.373203689580521027e-08,3.536281888919755428e-10,9.074663357227919334e-08,2.219763199321918495e-13,1.375968059579676526e-16,2.446500419252655643e-10,1.331494779593261969e-09,5.299826658381036624e-08,5.843446298214974615e-09,7.344344717756488006e-01,0.000000000000000000e+00,3.521943958924135098e-28,7.244153167787095284e-30,2.486927799240306206e-16,1.069582889673269278e-17
1.497656250000000029e-02,-2.013908430000000138e-01,1.126957469999999972e+01,2.049594030000000203e+03,1.614366120000000071e-01,5.082057162744361978e-02,3.089886773807205833e-02,6.253363332398610055e+02,-1.856298666666656327e+00,4.181807890601286354e-04,6.925370890995773663e-05,9.132555821313137175e-04,2.571507890369747681e-02,3.963441090569889101e-03,1.148018470165069332e-01,4.080277760586688404e-06,2.065232940296952383e-07,1.215228630174733398e-14,3.557882970511574798e-14,3.019175560434116348e-13,2.124434560305464591e-14,1.495023220214963992e-12,1.979162450284576405e-12,1.122920540161460520e-02,1.079094680155159025e-01,5.652481430812749482e-09,2.670020330383912289e-11,3.428274800492938744e-14,2.193585980315407640e-15,3.822527160549626935e-14,1.993905180286696203e-14,3.060819140440103814e-12,2.265430060325737927e-16,2.706723530389189938e-16,2.111436280303595734e-20,3.947942930567660763e-21,1.295797700186318068e-12,3.181907760457515009e-12,1.937337630278562651e-13,3.681017450529279979e-09,1.746545600251129320e-09,1.190130080171124487e-09,1.548810120222697770e-09,3.498213350502995185e-09,2.521922460362617719e-04,9.080319931305626003e-08,2.943543690423241238e-07,1.332618840191612437e-08,2.708592540389458133e-10,7.040403901012313776e-08,1.688157920242733959e-13,7.071656391016807072e-17,1.796375990258294413e-10,1.064760860153098162e-09,4.288251890616591819e-08,4.697947790675500683e-09,7.347232551056431804e-01,0.000000000000000000e+00,1.780295360255981930e-28,3.517816720505814296e-30,1.280135830184066042e-16,5.333310620766856418e-18
1.499999999999999944e-02,-2.014343500000000120e-01,1.124375940000000007e+01,2.045672350000000051e+03,1.618251340000000094e-01,5.040613978306335979e-02,3.074461355779387062e-02,6.276749736188314728e+02,-9.925973333330851966e-01,4.002206509585498812e-04,6.695768919306530477e-05,9.227592859044314155e-04,2.700460289720318235e-02,3.960408039589827407e-03,1.143267519881593780e-01,4.188562179566197622e-06,2.094514639783074891e-07,6.925881169282698471e-15,1.852835529808105211e-14,1.633537359830817377e-13,1.102154689885851902e-14,7.626767379210108721e-13,1.030165489893307619e-12,1.071727749889003073e-02,1.073365939888833304e-01,5.243345559456956098e-09,2.349153969756702404e-11,1.768441679816845441e-14,1.141654429881760907e-15,1.996013459793276351e-14,9.224429929044643594e-15,1.424635549852452801e-12,1.035444719892760776e-16,1.253147049870213645e-16,9.801027098984924899e-21,1.983587529794563695e-21,6.340314419343344163e-13,1.666333379827420762e-12,9.488379919017305817e-14,3.431700209644584845e-09,1.565112909837903953e-09,9.455554299020703986e-10,1.215801509874081589e-09,3.376912819650258756e-09,2.499944349741085089e-04,9.378770239028657381e-08,3.058171989683270809e-07,1.295641649865812686e-08,2.070839909785526872e-10,5.459180179434602506e-08,1.282650509867158160e-13,3.721811839614538195e-17,1.325015639862770536e-10,8.506237179119024145e-10,3.466684789640961079e-08,3.770638279609481735e-09,7.350095129238762848e-01,0.000000000000000000e+00,9.021474619065661135e-29,1.738454389819951410e-30,6.580636979318454972e-17,2.664146229724078883e-18
1.502343750000000033e-02,-2.014576140000000071e-01,1.121784380000000070e+01,2.041557019999999966e+03,1.622298520000000077e-01,4.999093371326103485e-02,3.058792362187839897e-02,6.298412230779492802e+02,-1.191253333333999326e-01,3.829298177892996092e-04,6.467081506441602751e-05,9.306287944879379709e-04,2.831733958441888521e-02,3.952597357825152723e-03,1.138417989373605582e-01,4.294606987636968322e-06,2.122840278831944668e-07,4.172718757704036030e-15,9.942637804529241515e-15,9.119610494982096766e-14,5.841118266786029269e-15,3.922438757841747111e-13,5.367890277046413148e-13,1.022402109437441260e-02,1.067399659412682222e-01,4.858621167326630387e-09,2.095770658846839021e-11,9.288529324889152036e-15,6.008864356693729711e-16,1.054119319419989529e-14,4.248512917662330961e-15,6.611451066362166736e-13,4.717986537404011435e-17,5.798934566809237851e-17,4.556554287492836934e-21,1.003141649448039158e-21,3.097541178295632780e-13,8.720748185201562687e-13,4.635812397449226554e-14,3.207726508235005446e-09,1.416104149220813627e-09,7.533259385854957492e-10,9.574867314731597443e-10,3.256007398208439504e-09,2.477864518636598815e-04,9.681106644673141696e-08,3.175377118252804842e-07,1.261666579305790401e-08,1.580734009130229105e-10,4.231719027671571324e-08,9.738860734641363198e-14,2.018893448889139459e-17,9.818596814597491294e-11,6.790358246263725231e-10,2.800583918459028475e-08,3.022063848337162854e-09,7.352932385954178418e-01,0.000000000000000000e+00,4.588849527475067259e-29,8.688924755219073574e-31,3.380786858139781534e-17,1.333240479266407952e-18
1.504687499999999949e-02,-2.014604060000000085e-01,1.119182739999999932e+01,2.037246750000000020e+03,1.626511019999999919e-01,4.957501177517092961e-02,3.042886309260890015e-02,6.318359176932553964e+02,7.630933333331024748e-01,3.662834362311495270e-04,6.239918513937808169e-05,9.368906455912411751e-04,2.965250411871273029e-02,3.940175732486516508e-03,1.133472080715297314e-01,4.398445872775715800e-06,2.150285431356975063e-07,2.638562481665111005e-15,5.525992563487274825e-15,5.278266643330942109e-14,3.181488032007733748e-15,2.040297481287565491e-13,2.802735801768715138e-13,9.748941546152240303e-03,1.061204660669691630e-01,4.497381582838151023e-09,1.884271811189102344e-11,5.009066743161059282e-15,3.214105752028317438e-16,5.653811833567937339e-15,1.949351501230172315e-15,3.061253671931857364e-13,2.144499641353323551e-17,2.683101181693217618e-17,2.123263501339922709e-21,5.109655763224537214e-22,1.512596720954550596e-13,4.564026402880207989e-13,2.261047701426873648e-14,3.003851021895632560e-09,1.292770920815825736e-09,6.022222423800428115e-10,7.568795844776420485e-10,3.135841141978926953e-09,2.455696891549710519e-04,9.987586386302840325e-08,3.295151532079462663e-07,1.230196780776337086e-08,1.204980610760424126e-10,3.279897122069836064e-08,7.391362314664447919e-14,1.134688200716064798e-17,7.309864264613016630e-11,5.417666973418913571e-10,2.261346451427061876e-08,2.419274951526725589e-09,7.355744344641970134e-01,0.000000000000000000e+00,2.347114311481187429e-29,4.382986802765960197e-31,1.737052581096197156e-17,6.684787294218551412e-19
1.507031250000000037e-02,-2.014425210000000133e-01,1.116570980000000013e+01,2.032740510000000086e+03,1.630892090000000128e-01,4.915843174945740829e-02,3.026749488087124643e-02,6.336594851688190602e+02,1.652864000000479949e+00,3.502581191420283215e-04,6.014828012438989187e-05,9.415758103818052229e-04,3.100932371257416123e-02,3.923311511590887347e-03,1.128431900457574633e-01,4.500123821824782479e-06,2.176925330882734485e-07,1.733108990702769022e-15,3.189841271293468355e-15,3.174788971287364368e-14,1.790597800726080148e-15,1.077439580436897525e-13,1.467932180595240989e-13,9.291557763767690353e-03,1.054789550427712996e-01,4.158675931686326607e-09,1.701063590689774600e-11,2.800847281135732749e-15,1.757391700712615759e-16,3.094433071254780609e-15,8.916301853615525259e-16,1.415101410573818063e-13,9.730047953945497145e-18,1.241747660503523669e-17,9.926682644025231147e-22,2.625102661064468762e-22,7.391180172997094446e-14,2.390126060969186746e-13,1.101643270446712064e-14,2.816066251141903624e-09,1.189733400482432241e-09,4.833917671960134901e-10,6.008743102436521323e-10,3.016725491223270417e-09,2.433453810986756021e-04,1.029848870417599741e-07,3.417499931385782702e-07,1.200826370486930496e-08,9.175003163720428203e-11,2.542434531030947204e-08,5.608744782274324120e-14,6.627187862687297998e-18,5.467922982217221456e-11,4.321043121752165967e-10,1.825379260740183969e-08,1.934936640784609208e-09,7.358531012983855479e-01,0.000000000000000000e+00,1.209840950490585783e-29,2.231862340905011849e-31,8.932024613621900595e-18,3.358607971361902660e-19
1.509374999999999953e-02,-2.014037820000000034e-01,1.113949069999999963e+01,2.028037479999999960e+03,1.635444950000000119e-01,4.874125100255078530e-02,3.010387970046004419e-02,6.353117683120440233e+02,2.549247999999833425e+00,3.348318140077227788e-04,5.792300780133597380e-05,9.447192550217896074e-04,3.238703600074699374e-02,3.902174450090002168e-03,1.123299480025908570e-01,4.599696030106090433e-06,2.202834870050807759e-07,1.170179450026990004e-15,1.912121930044102497e-15,1.983625670045751645e-14,1.045333750024110432e-15,5.801020360133798221e-14,7.721648930178096619e-14,8.851400900204154862e-03,1.048162650024175579e-01,3.841536410088603333e-09,1.538695150035489526e-11,1.640454050037836652e-15,9.886369680228024349e-17,1.737037460040064455e-15,4.068168060093831308e-16,6.534788590150722850e-14,4.409589140101706006e-18,5.750549250132633958e-18,4.662192890107532529e-22,1.363010170031437445e-22,3.618253750083453684e-14,1.253255010028905914e-13,5.365514850123754729e-15,2.641341800060921909e-09,1.102722120025433970e-09,3.898623960089920205e-10,4.793571850110561573e-10,2.898941360066863262e-09,2.411146350055612180e-04,1.061411650024481108e-07,3.542436770081705577e-07,1.173225150027060010e-08,6.979585930160982739e-11,1.971402640045469674e-08,4.256341900098170928e-14,4.022486760092777220e-18,4.109661710094787888e-11,3.445969720079480307e-10,1.473291630033980920e-08,1.546506460035669700e-09,7.361292470169785718e-01,0.000000000000000000e+00,6.301714010145346745e-30,1.149104250026503809e-31,4.599551440106086633e-18,1.691251800039008249e-19
1.511718750000000042e-02,-2.013440340000000051e-01,1.111316949999999970e+01,2.023137120000000095e+03,1.640172709999999923e-01,4.832352670506646908e-02,2.993807586385056202e-02,6.367921964577689096e+02,3.451178666666864014e+00,3.199836639567552737e-04,5.572774399246858837e-05,9.463595258721027234e-04,3.378488739543408781e-02,3.876935489476045389e-03,1.118076749848895685e-01,4.697226819365186062e-06,2.228088569698881418e-07,8.051025308911931697e-16,1.186892189839595631e-15,1.283605209826525189e-14,6.338913839143318347e-16,3.198768049567697505e-14,4.085293399447886297e-14,8.428013658860982957e-03,1.041332089859267618e-01,3.544986489520907386e-09,1.392872219811758058e-11,1.014882929862842235e-15,5.759694639221597637e-17,1.004948809864184685e-15,1.852693459749614961e-16,3.016444669592338014e-14,1.997303539730071205e-18,2.665890789639713999e-18,2.203313149702229628e-22,7.170880939030880978e-23,1.776742699759879163e-14,6.583634699110243937e-14,2.614011179646725441e-15,2.477411789665186178e-09,1.028362769861020306e-09,3.161525539572730737e-10,3.845220479480331278e-10,2.782741049623922099e-09,2.388784689677163982e-04,1.093479759852220013e-07,3.669983649504014455e-07,1.147125309844969998e-08,5.305658869282958553e-11,1.529411649793305457e-08,3.231010079563340011e-14,2.530479869658013966e-18,3.103659529580550864e-11,2.748326839628573102e-10,1.189199549839283780e-08,1.235493049833027370e-09,7.364028829004777288e-01,0.000000000000000000e+00,3.327566879550291318e-30,5.997500889189458126e-32,2.373497439679229525e-18,8.537615408846171156e-20
1.514062499999999957e-02,-2.012631470000000034e-01,1.108674590000000038e+01,2.018039119999999912e+03,1.645078439999999864e-01,4.790531599209620073e-02,2.977014006329046711e-02,6.380998092825842605e+02,4.357632000000038808e+00,3.056938968354855433e-04,5.356637187117233251e-05,9.465383794906040036e-04,3.520213168105536250e-02,3.847766587929258089e-03,1.112765579401145954e-01,4.792788687420678304e-06,2.252760598787637947e-07,5.607910786982005237e-16,7.593207925913584113e-16,8.562715705391826833e-15,3.987907927853838164e-16,1.814247449023631425e-14,2.177675478828046174e-14,8.020949305683387764e-03,1.034305799443370338e-01,3.268048838241243104e-09,1.260939059321403744e-11,6.659381586416139294e-16,3.494395068119430735e-17,6.016122676762319343e-16,8.426809135464965677e-17,1.392635649250528970e-14,9.047234515131074006e-19,1.237693449333913710e-18,1.050006939434920535e-22,3.834674057936303891e-23,8.763666505283682774e-15,3.467031868134157308e-14,1.274707269313994387e-15,2.322602978750050956e-09,9.639986904812074995e-10,2.579594458611746497e-10,3.103427318329836893e-10,2.668350098563981188e-09,2.366378268726492538e-04,1.126088689393975858e-07,3.800166797954874531e-07,1.122310269396009289e-08,4.031074807830607992e-11,1.187359209361002149e-08,2.453968948679354181e-14,1.642335879116148447e-18,2.355249048732481928e-11,2.192524638820054964e-10,9.601310394832889673e-09,9.868001374689364591e-10,7.366740236035461686e-01,0.000000000000000000e+00,1.787942209037788047e-30,3.183797968286584110e-32,1.228128299339061414e-18,4.321769517674165527e-20
1.516406250000000046e-02,-2.011610149999999986e-01,1.106021950000000054e+01,2.012743379999999888e+03,1.650165130000000036e-01,4.748667611459768401e-02,2.960012806408778355e-02,6.392334051274502826e+02,5.267583999999867927e+00,2.919437160909697446e-04,5.144231841602944403e-05,9.453004372945559728e-04,3.663802871141642187e-02,3.814840571188705173e-03,1.107367810345056269e-01,4.886461481522622784e-06,2.276924850709490520e-07,3.936917741226744771e-16,4.979871631551729931e-16,5.857569101825220222e-15,2.593928930808268779e-16,1.062106810330952865e-14,1.171951950365180522e-14,7.629770862377438685e-03,1.027091510320042034e-01,3.009752470937839506e-09,1.141107020355569229e-11,4.627738741442005160e-16,2.215468300690340680e-17,3.735596611164012896e-16,3.830325701193530793e-17,6.434445512004975466e-15,4.100823401277817761e-19,5.757103291793915012e-19,5.060033861576708299e-23,2.091879120651830242e-23,4.348573141355017506e-15,1.831361510570652717e-14,6.225825231939969210e-16,2.175696890677947557e-09,9.075456242827914836e-10,2.119104900660313792e-10,2.521662930785750940e-10,2.555969010796440668e-09,2.343936000730371082e-04,1.159276770361230936e-07,3.933014551225528481e-07,1.098605210342325716e-08,3.061658040954012948e-11,9.226380052874942894e-09,1.865191530581194261e-14,1.093808200340830966e-18,1.795981840559628437e-11,1.749937360545281010e-10,7.755214492416526772e-09,7.881555482455895467e-10,7.369426862296315495e-01,0.000000000000000000e+00,9.815689773058572804e-31,1.725682190537723173e-32,6.376065931986784677e-19,2.194393800683773798e-20
1.518749999999999961e-02,-2.010375560000000061e-01,1.103358979999999967e+01,2.007250070000000051e+03,1.655435710000000005e-01,4.706766454145230177e-02,2.942809413400001781e-02,6.401917484403720664e+02,6.180095999999937639e+00,2.787152120579752010e-04,4.935858761026701454e-05,9.426928651960883501e-04,3.809184340792343137e-02,3.778330870785925454e-03,1.101885220229201767e-01,4.978331531035536816e-06,2.300654940478556487e-07,2.777390690577721326e-16,3.330729300692820755e-16,4.088574320850459212e-15,1.736199130361144466e-16,6.431484121337804935e-15,6.382967241327713020e-15,7.254050151508905850e-03,1.019696820212105948e-01,2.769138760576005225e-09,1.032061210214677844e-11,3.383944390703889559e-16,1.468756870305513847e-17,2.406623450500599018e-16,1.740898210362121853e-17,2.976900960619221634e-15,1.861067920387118486e-19,2.684097450558315714e-19,2.474769800514773670e-23,1.168676270243094881e-23,2.174515960452318268e-15,9.709068412019571582e-15,3.047463910633899050e-16,2.035820050423468624e-09,8.573735841783411829e-10,1.753656480364775851e-10,2.063992770429328408e-10,2.445774870508742447e-09,2.321466360482885244e-04,1.193085380248172098e-07,4.068554660846294926e-07,1.075869200223790242e-08,2.325016700483623743e-11,7.177157511492911214e-09,1.419034270295171602e-14,7.436661791546889981e-19,1.376177290286256867e-11,1.397599620290712963e-10,6.267880971303774009e-09,6.296205001309665731e-10,7.372088901533458971e-01,0.000000000000000000e+00,5.528951301150070241e-31,9.589413111994681411e-33,3.323467830691310039e-19,1.117996470232553013e-20
1.521093750000000050e-02,-2.008927100000000021e-01,1.100685630000000081e+01,2.001559549999999945e+03,1.660893069999999916e-01,4.664833899336096740e-02,2.925409161478036840e-02,6.409735710254558398e+02,7.094186666666757901e+00,2.659912738258089055e-04,4.731779276901275025e-05,9.387650773852258736e-04,3.956284507409127404e-02,3.738411457551806850e-03,1.096319559282047523e-01,5.068491006680771002e-06,2.324024308478053786e-07,1.965289308712980590e-16,2.261815678518792687e-16,2.899425628101238089e-15,1.189769519220849570e-16,4.029567447361135815e-15,3.528100917689534197e-15,6.893367095485704484e-03,1.012129149337181594e-01,2.545266668333167883e-09,9.327587743891594450e-12,2.579959978310447712e-16,1.015868489334732692e-17,1.605835908948377687e-16,7.916312274815803584e-18,1.379878409096351886e-15,8.461299804458905245e-20,1.254812649178254385e-19,1.234030729191863813e-23,6.712426565604197934e-24,1.098009879280940554e-15,5.169424276614672364e-15,1.495900129020372202e-16,1.902357288754193370e-09,8.122115894681026835e-10,1.462606489042175263e-10,1.702657158884971966e-10,2.337922858468952017e-09,2.298977528494456648e-04,1.227559119196101834e-07,4.206811637245063119e-07,1.053988629309768955e-08,1.765652598843717968e-11,5.590151886339147299e-09,1.080850709292177742e-14,5.138298956635054312e-19,1.059636359306070465e-11,1.117128799268420040e-10,5.069739146679953083e-09,5.031728946704845411e-10,7.374726595170474353e-01,0.000000000000000000e+00,3.207463017899512245e-31,5.484306326408463019e-33,1.740381788860266902e-19,5.717404076255813277e-21
1.523437499999999965e-02,-2.007264400000000060e-01,1.098001859999999930e+01,1.995672420000000102e+03,1.666540049999999940e-01,4.622875747652728518e-02,2.907817305416687467e-02,6.415771308296775715e+02,8.008917333333375410e+00,2.537555210448731941e-04,4.532218570801460346e-05,9.335684581650888388e-04,4.105030690725918613e-02,3.695256560653455580e-03,1.090672550192870599e-01,5.157037160911951288e-06,2.347106260415053652e-07,1.393207780246369709e-16,1.553947400274794334e-16,2.081883490368152689e-15,8.308006221469156673e-17,2.608291640461240787e-15,1.985207980351057043e-15,6.547308961157801734e-03,1.004395780177613634e-01,2.337216820413304743e-09,8.423239911489534978e-12,2.031424610359229794e-16,7.297827631290520515e-18,1.106089760195596890e-16,3.603513370637232061e-18,6.411797321133838524e-16,3.856019500681884666e-20,5.884753681040638200e-20,6.308463921115565329e-24,3.976879290703256415e-24,5.611697080992351705e-16,2.766051690489138473e-15,7.368037601302936659e-17,1.774883540313863993e-09,7.710711971363534270e-10,1.229829450217478565e-10,1.416204230250436328e-10,2.232547740394795493e-09,2.276477400402564081e-04,1.262746030223299325e-07,4.347803930768849448e-07,1.032871840182649315e-08,1.341119380237158629e-11,4.360340600771066380e-09,8.243793881457803796e-15,3.595065450635737644e-19,8.198792501449844730e-12,8.938393581580631938e-11,4.104506230725826464e-09,4.023567900711512996e-10,7.377340211304581619e-01,0.000000000000000000e+00,1.921777560339840274e-31,3.238155250572623189e-33,9.162491911620261250e-20,2.936073110519204504e-21
1.525781250000000054e-02,-2.005387309999999979e-01,1.095307640000000049e+01,1.989589469999999892e+03,1.672379420000000005e-01,4.580897846094910547e-02,2.890039085999135393e-02,6.420010968259387028e+02,8.923434666666773651e+00,2.419922300001593903e-04,4.337368360002855951e-05,9.271560890006106444e-04,4.255350480002802888e-02,3.649040520002403212e-03,1.084945910000714581e-01,5.244071710003453759e-06,2.369974060001560972e-07,9.887635930006511027e-17,1.077254500000709561e-16,1.509679830000994301e-15,5.887998420003877168e-17,1.739108710001145631e-15,1.140829000000751414e-15,6.215469660004093420e-03,9.965039040006562487e-02,2.144094910001411935e-09,7.599926860005004478e-12,1.638190740001078685e-16,5.415140230003566062e-18,7.831647160005158149e-17,1.642935470001081883e-18,2.988250250001968452e-16,1.762417150001160790e-20,2.769671730001824327e-20,3.326584800002190991e-24,2.435975580001604145e-24,2.910747100001916977e-16,1.488511170000980543e-15,3.643719070002399460e-17,1.653110750001088697e-09,7.331854870004828305e-10,1.042738150000686730e-10,1.188049510000782343e-10,2.129765150001402364e-09,2.253973650001484430e-04,1.298697820000855115e-07,4.491541030002958026e-07,1.012444670000666739e-08,1.019020420000671190e-11,3.406561110002243369e-09,6.297371070004147649e-15,2.540165680001673301e-19,6.374588390004198106e-12,7.160190800004716853e-11,3.326727540002190736e-09,3.219900580002120803e-10,7.379930000004860657e-01,0.000000000000000000e+00,1.190856960000784424e-31,1.977422860001302554e-33,4.853183650003196870e-20,1.514756130000997775e-21
1.528124999999999969e-02,-2.003295880000000029e-01,1.092602909999999916e+01,1.983311709999999948e+03,1.678413940000000049e-01,4.538906076942077900e-02,2.872079637770431210e-02,6.422444224189175657e+02,9.836842666666102630e+00,2.306862869403276657e-04,4.147389478927181872e-05,9.195825047621287475e-04,4.407171768859983324e-02,3.599937579068793018e-03,1.079141319720855197e-01,5.329700218621350048e-06,2.392701019381072469e-07,7.022141818183560518e-17,7.520721738054590065e-17,1.103513029714550982e-15,4.221839948907923121e-17,1.189954709692190891e-15,6.716333318262665609e-16,5.897449248474488301e-03,9.884605727443118717e-02,1.965034329491698177e-09,6.850817648227878165e-12,1.344133099652309256e-16,4.127031148932447598e-18,5.675415808531922506e-17,7.506540858058260419e-19,1.397606819638476560e-16,8.083195577909095638e-21,1.308761509661458731e-20,1.820480729529090626e-24,1.543898569600634951e-24,1.537001019602419371e-16,8.062632617914414022e-16,1.810240689531739494e-17,1.536846819602459088e-09,6.979606158194563861e-10,8.915127047693897065e-11,1.005364719739939214e-10,2.029672929474978235e-09,2.231473759422777795e-04,1.335470059654549722e-07,4.638020488800268674e-07,9.926469267432289314e-09,7.746739987996127180e-12,2.666132899310342992e-09,4.818827198753498758e-15,1.808947319532074026e-19,4.980356778711715466e-12,5.743403748514335483e-11,2.699747629301647699e-09,2.579223829332824152e-10,7.382496278090346919e-01,0.000000000000000000e+00,7.629296848026505912e-32,1.249089309676894123e-33,2.588508659330422593e-20,7.855112687968093741e-22
1.530468750000000058e-02,-2.000990370000000074e-01,1.089887640000000069e+01,1.976840339999999969e+03,1.684646340000000020e-01,4.496906350868132285e-02,2.853944089246754703e-02,6.423055709804236812e+02,1.074828800000125284e+01,2.198231259921302344e-04,3.962414239858143695e-05,9.109034509673892077e-04,4.560422759836734591e-02,3.548121629872975826e-03,1.073260459961576652e-01,5.414031529806175131e-06,2.415360569913529265e-07,4.989279739821381097e-17,5.280305829810962198e-17,8.119825339709307220e-16,3.055324399890617521e-17,8.322060029702066540e-16,4.061428279854599351e-16,5.592853409799773169e-03,9.802727529649056526e-02,1.799198199935587855e-09,6.169717519779120997e-12,1.116615289960024719e-16,3.214182629884930652e-18,4.192572779849903459e-17,3.438865759876886854e-19,6.563180589765034750e-17,3.722190849866744132e-21,6.211655639777620612e-21,1.038998709962803177e-24,1.011629399963783165e-24,8.290120809703208835e-17,4.399930139842480316e-16,9.040175349676357133e-18,1.425963979948949776e-09,6.649375359761948851e-10,7.684946689724875601e-11,8.582205149692753362e-11,1.932352299930820983e-09,2.208985009920917230e-04,1.373122459950841629e-07,4.787224809828615469e-07,9.734294119651507616e-09,5.893051549789026033e-12,2.090671029925152993e-09,3.694447749867737531e-15,1.296541629953583196e-19,3.909939359860022615e-12,4.613834809834822504e-11,2.194043899921452177e-09,2.068362219925951665e-10,7.385039349735612602e-01,0.000000000000000000e+00,5.043622019819435587e-32,8.149561049708241939e-34,1.391549589950182052e-20,4.096925859853327673e-22
1.532812499999999974e-02,-1.998471239999999871e-01,1.087161779999999922e+01,1.970176760000000058e+03,1.691079289999999902e-01,4.454904625429449705e-02,2.835637529184302161e-02,6.421836737744854418e+02,1.165691733333274094e+01,2.093886899790744398e-04,3.782548639621985501e-05,9.011756509099397077e-04,4.715031879528796405e-02,3.493766049650845213e-03,1.067304999893337325e-01,5.497177149450631350e-06,2.438026339756352282e-07,3.545985809645625932e-17,3.724727519627763320e-17,6.008637029399518579e-16,2.227751389777366117e-17,5.926457169407730117e-16,2.527124309747448099e-16,5.301293039470207809e-03,9.719473109028670121e-02,1.645780779835526548e-09,5.550961249445256979e-12,9.358569749064736994e-17,2.547186729745442872e-18,3.146431949685556222e-17,1.580432579842057105e-19,3.096237229690572593e-17,1.721837669827925782e-21,2.962470559703941034e-21,6.200294719380364124e-25,6.837527169316682237e-25,4.583022349541988114e-17,2.421785499757975380e-16,4.540603019546227196e-18,1.320374869868046332e-09,6.337618509366640275e-10,6.677119179332712328e-11,7.389252829261544061e-11,1.837869009816329630e-09,2.186514479781487350e-04,1.411719129858917569e-07,4.939118389506402212e-07,9.547516139045854918e-09,4.486507209551634301e-12,1.642834909835820733e-09,2.838292059716351100e-15,9.343588409066234531e-20,3.084427129691753057e-12,3.712517849628983392e-11,1.785863139821527099e-09,1.660840189834021654e-10,7.387559549261712988e-01,0.000000000000000000e+00,3.430005349657217264e-32,5.476631099452684388e-34,7.548400569245639894e-21,2.150647689785071440e-22
1.535156250000000062e-02,-1.995739149999999906e-01,1.084425300000000014e+01,1.963322529999999915e+03,1.697715459999999954e-01,4.412906885738470536e-02,2.817165041026755898e-02,6.418778931146167679e+02,1.256204799999994570e+01,1.993693890206140026e-04,3.607874420373039502e-05,8.904565950920695621e-04,4.870927860503634216e-02,3.437043410355376284e-03,1.061276610109731650e-01,5.579250740576871496e-06,2.460772280254433812e-07,2.520796060260640017e-17,2.637971490272755118e-17,4.468592750462034453e-16,1.634458530168996285e-17,4.283582990442905102e-16,1.619007710167398820e-16,5.022383940519293578e-03,9.634910300996211985e-02,1.504008560155508566e-09,4.989343090515878287e-12,7.893312830816136017e-17,2.047048790211656606e-18,2.392297950247353627e-17,7.290396860753798813e-20,1.468162090151802016e-17,8.005780610827765273e-22,1.420337560146857277e-21,3.867262560399859134e-25,4.751612440491298563e-25,2.605056210269352047e-17,1.346177470139189406e-16,2.295038710237297432e-18,1.220014560126144686e-09,6.041601990624677778e-10,5.845066630604356499e-11,6.415151510663301115e-11,1.746274440180557747e-09,2.164069060223756014e-04,1.451328850150061545e-07,5.093644360526661802e-07,9.365798170968385282e-09,3.418867570353496849e-12,1.293808520133774467e-09,2.185417260225963311e-15,6.765612240699538052e-20,2.444928560252795584e-12,2.992624910309425318e-11,1.456109730150555853e-09,1.335557600138091442e-10,7.390057210764101603e-01,0.000000000000000000e+00,2.390811890247200160e-32,3.777407270390568444e-34,4.136923610427741550e-21,1.137252260117587201e-22
1.537499999999999978e-02,-1.992794920000000025e-01,1.081678160000000055e+01,1.956279389999999921e+03,1.704557489999999897e-01,4.370919146010246448e-02,2.798531672475993576e-02,6.413876485290855953e+02,1.346278399999975406e+01,1.897520649736372377e-04,3.438450979522286971e-05,8.788043188779053744e-04,5.028039739301441713e-02,3.378125249530667881e-03,1.055176949853401380e-01,5.660367579213589808e-06,2.483672749654936857e-07,1.792421559750974051e-17,1.874900209739514930e-17,3.338272279536205099e-16,1.205533569832511941e-17,3.134051179564577870e-16,1.067297489851717560e-16,4.755746559339271880e-03,9.549106108673316440e-02,1.373140829809225941e-09,4.480066839377572062e-12,6.687480899070891152e-17,1.663839049768838526e-18,1.838829979744526333e-17,3.377313469530781173e-20,7.001078119027321221e-18,3.743514299479903619e-22,6.848914569048461654e-22,2.512881349650878907e-25,3.382529059530056515e-25,1.526233739787956328e-17,7.568165378948533774e-17,1.168010809837725104e-18,1.124827269843724666e-09,5.759217919199856954e-10,5.152447049284156520e-11,5.613606519220087225e-11,1.657606599769704210e-09,2.141655459702454338e-04,1.492025399792708952e-07,5.250721519270502937e-07,9.188856108723368206e-09,2.608063069637654917e-12,1.021350989858101156e-09,1.686742699765656422e-15,4.919897719316466087e-20,1.947313529729454554e-12,2.416986179664201829e-11,1.189441899834747683e-09,1.075716609850547905e-10,7.392532688972935917e-01,0.000000000000000000e+00,1.701645939763585768e-32,2.664070349629873591e-34,2.294109709681273584e-21,6.064145999157493519e-23
1.539843750000000067e-02,-1.989639579999999963e-01,1.078920309999999994e+01,1.949049269999999979e+03,1.711608020000000008e-01,4.328947443751274271e-02,2.779742444314285688e-02,6.407124905037685494e+02,1.435852800000063034e+01,1.805239620645625429e-04,3.274317181171025967e-05,8.662772133098150563e-04,5.186296891854825369e-02,3.317181831186355630e-03,1.049007670375166901e-01,5.740643972053082272e-06,2.506802620896532125e-07,1.274770610455908540e-17,1.336814240478097643e-17,2.504252580895619765e-16,8.932968153194783654e-18,2.316203220828365936e-16,7.227684922584907108e-17,4.501005801609738420e-03,9.462126763384032246e-02,1.252470020447932989e-09,4.018707591437249832e-12,5.683870442032776442e-17,1.364906430488144546e-18,1.426557270510193498e-17,1.572066650562233406e-20,3.359250021201401092e-18,1.761478730629974767e-22,3.323261491188530024e-22,1.692164100605185138e-25,2.457554070878919234e-25,9.228743883300563936e-18,4.310602151541641858e-17,5.988553362141744517e-19,1.034756820370070010e-09,5.488840611963026844e-10,4.570885391634729629e-11,4.948633801769827985e-11,1.571891110562170576e-09,2.119280130757938735e-04,1.533887900548579338e-07,5.410241371934917415e-07,9.016446943224640201e-09,1.991907360712384980e-12,8.082904742890767832e-10,1.305163840466778652e-15,3.591792931284568014e-20,1.558379510557338454e-12,1.956106840699581648e-11,9.735390373481762035e-10,8.679558153104154109e-11,7.394986352644741245e-01,0.000000000000000000e+00,1.232458580440776105e-32,1.914383980684659552e-34,1.289452240461159351e-21,3.264773951167612646e-23
1.542187499999999982e-02,-1.986274299999999937e-01,1.076151720000000012e+01,1.941634229999999889e+03,1.718869650000000027e-01,4.286997838108134312e-02,2.760802425021434761e-02,6.398525426852680766e+02,1.524851199999885942e+01,1.716726958796649188e-04,3.115493027816174814e-05,8.529338164021306326e-04,5.345629056252947098e-02,3.254381887718820095e-03,1.042770449269063426e-01,5.820196795920295479e-06,2.530237388226413950e-07,9.068434283643422376e-18,9.559640093299107814e-18,1.885944588678035174e-16,6.646842435340853353e-18,1.726298178789940126e-16,5.015436406484397283e-17,4.257790937015473905e-03,9.374037713429209107e-02,1.141321699199983242e-09,3.601180657475729383e-12,4.841484736606329722e-17,1.128208389209174909e-18,1.115639069217985572e-17,7.356835854843178174e-21,1.622738478862531097e-18,8.345899404149888350e-23,1.623562378861953480e-22,1.173802309177215715e-25,1.816237358726896794e-25,5.759157875963081010e-18,2.492100608253145865e-17,3.094929897830589039e-19,9.497399573342736787e-10,5.229215066334548282e-10,4.078204817141356221e-11,4.392220366921244515e-11,1.489142118956176258e-09,2.096949318530130085e-04,1.577001148894591129e-07,5.572065316094225376e-07,8.848359383797685418e-09,1.523301738932231904e-12,6.413620455504331282e-10,1.012615439290200813e-15,2.631870418155173698e-20,1.253044669121670212e-12,1.586584738887873075e-11,7.985091484402798218e-10,7.016537035081713786e-11,7.397418554814731984e-01,0.000000000000000000e+00,9.056829613651557375e-33,1.397328949020533212e-34,7.359960184840988605e-22,1.777325038754172791e-23
1.544531250000000071e-02,-1.982700430000000069e-01,1.073372359999999937e+01,1.934036499999999933e+03,1.726345009999999958e-01,4.245076393758146632e-02,2.741716599706689114e-02,6.388076600281171977e+02,1.613209600000034527e+01,1.631862320315573853e-04,2.961981240572795847e-05,8.388326441622157232e-04,5.505966421064757699e-02,3.189892370616869820e-03,1.036466930200434650e-01,5.899142941140791914e-06,2.554053320493909573e-07,6.452874851247873749e-18,6.855024461325642395e-18,1.425574690275681597e-16,4.964610200960068701e-18,1.295960070250616127e-16,3.555925230687653749e-17,4.025735530778507855e-03,9.284903701795538256e-02,1.039054380200934904e-09,3.223715080623410795e-12,4.129949870798660392e-17,9.384297881814758947e-19,8.787004791699253623e-18,3.463246040669731915e-21,7.896533061527052610e-19,3.984459940770525806e-23,7.991521941545421318e-23,8.338671301612555236e-26,1.361470350263284801e-25,3.703751530716240753e-18,1.465387880283380453e-17,1.613122950311950081e-19,8.697019721681852380e-10,4.979370860962924308e-10,3.657049720707209588e-11,3.922519690758547194e-11,1.409363200272546259e-09,2.074669040401204965e-04,1.621456100313561436e-07,5.736022151109246711e-07,8.684406541679413313e-09,1.166584330225597133e-12,5.103117970986854292e-10,7.878543911523573324e-16,1.935238310374241804e-20,1.012285320195758477e-12,1.289850370249434631e-11,6.564106701269384102e-10,5.683702011099129461e-11,7.399829681430998285e-01,0.000000000000000000e+00,6.736594121302741549e-33,1.033339780199829996e-34,4.274728400826659219e-22,9.801631001895465561e-24
1.546874999999999986e-02,-1.978919470000000125e-01,1.070582199999999951e+01,1.926258450000000039e+03,1.734036700000000097e-01,4.203189192366098975e-02,2.722490011225818518e-02,6.375787603693433994e+02,1.700855466666630988e+01,1.550528658823960358e-04,2.813768737865822986e-05,8.240319953749911152e-04,5.667239605701532984e-02,3.123878157630612194e-03,1.030098789218694411e-01,5.977598785466132704e-06,2.578327568044399666e-07,4.593151716516203003e-18,4.928447216261889289e-18,1.081421279179767472e-16,3.721259087177512805e-18,9.790487692574146400e-17,2.568268398052029232e-17,3.804477437114393845e-03,9.194788643025970931e-02,9.450590882831950357e-10,2.882830307813441354e-12,3.526113727325526070e-17,7.846562184048566923e-19,6.965163774717086867e-18,1.641022518755323369e-21,3.873237277062240765e-19,1.918263008545042891e-23,3.966510896991494849e-23,6.036126175421740872e-26,1.032744069216687995e-25,2.448316908143009429e-18,8.781893633339140767e-18,8.484080203565024961e-20,7.945540173973495433e-10,4.738555676405917620e-10,3.293814507501719080e-11,3.522459497328297611e-11,1.332548158989293639e-09,2.052445038443268986e-04,1.667350228735354080e-07,5.901905805523544258e-07,8.524420123534428951e-09,8.947555263213490924e-13,4.072066676911433715e-10,6.147870805336985306e-16,1.427766378917072918e-20,8.216147043768246233e-13,1.051165189202715972e-11,5.408672265897649944e-10,4.613999226500390810e-11,7.402220104385590638e-01,0.000000000000000000e+00,5.062299766160364714e-33,7.726446374139672857e-35,2.531628498079819807e-22,5.487388145837944898e-24
1.549218750000000075e-02,-1.974933090000000058e-01,1.067781190000000002e+01,1.918302580000000034e+03,1.741947319999999910e-01,4.161342300405796585e-02,2.703127644638343013e-02,6.361662931069978413e+02,1.787741866666738133e+01,1.472612019815296310e-04,2.670827989665008981e-05,8.085897988985819114e-04,5.829379819268844243e-02,3.056501839616635862e-03,1.023667679871605590e-01,6.055679739240461410e-06,2.603138319673499076e-07,3.270584099589783752e-18,3.552157889554467346e-18,8.231690588967532188e-17,2.798595239648983865e-18,7.437947389067089322e-17,1.884355779763652810e-17,3.593658859549262070e-03,9.103755768858153019e-02,8.587588288922893537e-10,2.575315359676988600e-12,3.011901619622228733e-17,6.589356829173523713e-19,5.553330609303467787e-18,7.831988089017665651e-22,1.916240139759653902e-19,9.321498638830841932e-24,1.987326769750737945e-23,4.434253619443829924e-26,7.912538019007562754e-26,1.658065219792035610e-18,5.374052479325954644e-18,4.505003759434955808e-20,7.241918319091676394e-10,4.506184249434807707e-10,2.977810919626505352e-11,3.178667359601312512e-11,1.258681879842128589e-09,2.030282799745349921e-04,1.714788109784921120e-07,6.069473569238731388e-07,8.368246038950404651e-09,6.873725629137856846e-13,3.259030239591233396e-10,4.812082029396440272e-16,1.056766819867454077e-20,6.699568389159701322e-13,8.588263358922808895e-12,4.467578149439650299e-10,3.754156349529131458e-11,7.404590209071273410e-01,0.000000000000000000e+00,3.837711359518651782e-33,5.832114899268501408e-35,1.531749819807878832e-22,3.126088009607907325e-24
1.551562499999999990e-02,-1.970743070000000041e-01,1.064969319999999975e+01,1.910171520000000100e+03,1.750079509999999949e-01,4.119541787137004363e-02,2.683634499018056063e-02,6.345715516463998256e+02,1.873800533333328033e+01,1.398001358936764758e-04,2.533118348073463256e-05,7.925634383972241567e-04,5.992318815442603669e-02,2.987923437727565967e-03,1.017175269226397866e-01,6.133499655335230160e-06,2.628564968000872122e-07,2.329714628228159803e-18,2.566310268048219204e-18,6.286733885218689441e-17,2.111364918394223235e-18,5.679492595680520862e-17,1.401055058934441888e-17,3.392926417419545211e-03,9.011867453146117646e-02,7.796078684070773901e-10,2.298209768252120703e-12,2.572917888043193625e-17,5.553622955776249649e-19,4.451573196614401985e-18,3.767645427134556157e-22,9.569274062722188225e-20,4.576917736519071965e-24,1.006508119234510698e-23,3.295619057493551273e-26,6.114224845349890088e-26,1.146290599128200523e-18,3.363404047441997892e-18,2.416412758162222479e-20,6.584954604991881876e-10,4.281799186743522019e-10,2.700621197946070456e-11,2.880641237809158067e-11,1.187740999096675947e-09,2.008187548472693948e-04,1.763881908658497894e-07,6.238444775255416392e-07,8.215740893751604088e-09,5.289536495977097862e-13,2.616375628010142682e-10,3.778499757126300920e-16,7.846084184032742994e-21,5.488097495826084375e-13,7.035359924649329523e-12,3.699679277186247525e-10,3.061842167671347320e-11,7.406940384366728081e-01,0.000000000000000000e+00,2.931842967770217493e-33,4.438775566624135023e-35,9.483479332787438991e-23,1.816798728618252644e-24
1.553906250000000079e-02,-1.966351349999999887e-01,1.062146549999999934e+01,1.901868040000000065e+03,1.758435869999999956e-01,4.077793699500627950e-02,2.664015555529926360e-02,6.327956035639782613e+02,1.958980266666732462e+01,1.326588440813567470e-04,2.400587251472227095e-05,7.760096124759095380e-04,6.155989033775332436e-02,2.918300171789729117e-03,1.010623220619792789e-01,6.211170413809173182e-06,2.654688281628061293e-07,1.660203851018166325e-18,1.858307961139659007e-18,4.816817482954046794e-17,1.597711400979841049e-18,4.357097432672111043e-17,1.053463970646066008e-17,3.201931301963673558e-03,8.919185345469939075e-02,7.070909354336432465e-10,2.048786021256475316e-12,2.197505121347681147e-17,4.694757192879191143e-19,3.586332702199417695e-18,1.828336511121278447e-22,4.827354252960509625e-20,2.273727581394426606e-24,5.162444573166012890e-24,2.472326091516223070e-26,4.759616162918967400e-26,8.062030994944265392e-19,2.155137681321698195e-18,1.309980470803382030e-20,5.973297673663291561e-10,4.065041012492999847e-10,2.455595621505962331e-11,2.620108781606854737e-11,1.119694730686684053e-09,1.986164241218070481e-04,1.814752061112947376e-07,6.408500083930191586e-07,8.066769474947172201e-09,4.077696592500761320e-13,2.107124371292252764e-10,2.976654571825516162e-16,5.842970103583364584e-21,4.516214332769694540e-13,5.779017373544143387e-12,3.071898791883927521e-10,2.503407481535284347e-11,7.409271014543942213e-01,0.000000000000000000e+00,2.255268311383106329e-33,3.403299252087168165e-35,6.014597353688619747e-23,1.079877990662265203e-24
1.556249999999999994e-02,-1.961759989999999898e-01,1.059312860000000001e+01,1.893394990000000007e+03,1.767019059999999919e-01,4.036104072083215172e-02,2.644275825983604528e-02,6.308406137647846208e+02,2.043225599999865238e+01,1.258267679599364718e-04,2.273171349276217274e-05,7.589841787583377587e-04,6.320323587987594638e-02,2.847786219093258880e-03,1.004013219680320035e-01,6.288801287997631959e-06,2.681590619146175693e-07,1.183633379623128468e-18,1.348576749570610143e-18,3.702148288821227488e-17,1.212525669613929222e-18,3.357195738931061357e-17,7.996900447453768580e-18,3.020329399038320598e-03,8.825770167189854465e-02,6.407223167959926507e-10,1.824533359419064859e-12,1.876092669402647819e-17,3.978572078733213819e-19,2.902865369075721171e-18,8.958103347147720455e-23,2.462214539216025709e-20,1.144644909635542503e-24,2.688088099144106916e-24,1.868917719404932551e-26,3.729192918812617373e-26,5.750394538169061698e-19,1.414322419549676544e-18,7.181337987713447026e-21,5.405455058278891898e-10,3.855625208772360693e-10,2.237462429287587132e-11,2.390532089238849552e-11,1.054505459664242997e-09,1.964217539374588865e-04,1.867527939405374916e-07,6.579281277905141951e-07,7.921202647477871224e-09,3.149298898997256655e-13,1.702528399457911238e-10,2.352881799250837096e-16,4.363919108610518411e-21,3.733227318811332337e-13,4.760409498484275157e-12,2.557627169185645748e-10,2.052090339346609901e-11,7.411582477640135114e-01,0.000000000000000000e+00,1.745734459444154131e-33,2.626891319163591875e-35,3.909080578755340317e-23,6.579229287905159369e-25
1.558593750000000083e-02,-1.956971180000000032e-01,1.056468229999999942e+01,1.884755370000000084e+03,1.775831730000000108e-01,3.994478893472797054e-02,2.624420256834218701e-02,6.287080159014515175e+02,2.126489600000128277e+01,1.192936060435407483e-04,2.150797560785015159e-05,7.415420422706539734e-04,6.485256442367041962e-02,2.776532511013401257e-03,9.973469283640196137e-02,6.366498512323695813e-06,2.709356120988882183e-07,8.442567613081435373e-19,9.807091223579471746e-19,2.854078981041704936e-17,9.227641613367979801e-19,2.597366440948007420e-17,6.120254992233819335e-18,2.847781491039405935e-03,8.731681833186959174e-02,5.800449082117093917e-10,1.623142570592427641e-12,1.600733600584248614e-17,3.378515831233117910e-19,2.360044450861387753e-18,4.435798751619013703e-23,1.271013250463904595e-20,5.850548312135380465e-25,1.425444400520270198e-24,1.421827020518949821e-26,2.938687611072585878e-26,4.148560191514174764e-19,9.502309253468229277e-19,3.982984821453741645e-21,4.879807931781072275e-10,3.653324741333419672e-10,2.042024780745314601e-11,2.186724630798128603e-11,9.921294553621153918e-10,1.942351820708935041e-04,1.922348660701634092e-07,6.750391932463812106e-07,7.778915942839211803e-09,2.436907720889442130e-13,1.380203470503757698e-10,1.866246010681157412e-16,3.268406231192929449e-21,3.099763791131376584e-13,3.932677891435380177e-12,2.135439870779409909e-10,1.686591900615585744e-11,7.413875162705975130e-01,0.000000000000000000e+00,1.359181560496084894e-33,2.040158910744633496e-35,2.602628220949928288e-23,4.115519051502115385e-25
1.560937499999999999e-02,-1.951987219999999912e-01,1.053612629999999939e+01,1.875952230000000100e+03,1.784876559999999945e-01,3.952924132742194341e-02,2.604453802525376685e-02,6.264004653581758930e+02,2.208725333333403995e+01,1.130492979828263018e-04,2.033384089691101543e-05,7.237370248900546572e-04,6.650722328989666643e-02,2.704686479589121870e-03,9.906260208495105968e-02,6.444364619021014209e-06,2.738071009584050248e-07,6.024696609084768127e-19,7.146055198914418896e-19,2.206764289664762902e-17,7.041230968930342915e-19,2.017290009693546372e-17,4.717226119283389621e-18,2.683953409592271331e-03,8.636979308687926793e-02,5.246291809203017563e-10,1.442491679780866251e-12,1.364767489792673453e-17,2.873719459563443442e-19,1.926716419707306116e-18,2.222067469662438220e-23,6.646814238990260658e-21,3.042766689537763346e-25,7.727878658826032112e-25,1.087588289834780816e-26,2.327667049646396323e-26,3.020565259541135667e-19,6.528707079008201437e-19,2.235863199660342306e-21,4.394628389332396916e-10,3.457956539474690383e-10,1.865925349716540924e-11,2.004554629695481114e-11,9.325174438583380302e-10,1.920571189708239501e-04,1.979364109699307953e-07,6.921398588948546972e-07,7.639788258839414569e-09,1.889333219712985179e-13,1.122691059829448199e-10,1.485465299774337971e-16,2.454498549627128962e-21,2.585123609607285340e-13,3.258455939504996856e-12,1.788070419728368227e-10,1.389946919788848486e-11,7.416149458873387834e-01,0.000000000000000000e+00,1.063985959838366189e-33,1.593631629757906022e-35,1.773115349730640095e-23,2.645209709598157235e-25
1.563281249999999914e-02,-1.946810519999999933e-01,1.050746059999999993e+01,1.866988759999999957e+03,1.794156239999999958e-01,3.911445701449300927e-02,2.584381408575105524e-02,6.239199683837953216e+02,2.289885866666602254e+01,1.070840240229584882e-04,1.920841230411822497e-05,7.056217861512832038e-04,6.816656941461469998e-02,2.632391990564376602e-03,9.838521752109348484e-02,6.522497801398404260e-06,2.767823840593412620e-07,4.301081140922138600e-19,5.216818061118470543e-19,1.711120550366858985e-17,5.386595771154869273e-19,1.572497130337138418e-17,3.658306040784329295e-18,2.528516320542106496e-03,8.541720621831318250e-02,4.740721281016395963e-10,1.280632020274563663e-12,1.162569220249251061e-17,2.447599740524757962e-19,1.579103990338554822e-18,1.126991280241623458e-23,3.524205200755579481e-21,1.613895000346014072e-25,4.301897820922314061e-25,8.358216051791976586e-27,1.852142880397094026e-26,2.215612720475020576e-19,4.578998150981723063e-19,1.270412030272372448e-21,3.948097770846460369e-10,3.269371340700943261e-10,1.706463220365860270e-11,1.840715140394643789e-11,8.756151821877293062e-10,1.898879480407113848e-04,2.038736000437098593e-07,7.091832801520467964e-07,7.503700991608770043e-09,1.467682450314666607e-13,9.163498061964626062e-11,1.186588570254401115e-16,1.848007320396207289e-21,2.165276280464228716e-13,2.707911340580567907e-12,1.501588350321935927e-10,1.148628400246262421e-11,7.418405741590483604e-01,0.000000000000000000e+00,8.371757481794879111e-34,1.251589650268337025e-35,1.233905830264545682e-23,1.746376400374417620e-25
1.565625000000000003e-02,-1.941443599999999881e-01,1.047868479999999991e+01,1.857868199999999888e+03,1.803673520000000086e-01,3.870049477296594320e-02,2.564207990979312096e-02,6.212695011744702924e+02,2.369937066666504322e+01,1.013881939565865220e-04,1.813072189223659505e-05,6.872477627057269056e-04,6.982996857009945990e-02,2.559789158903922387e-03,9.770270655816461203e-02,6.600991617173516783e-06,2.798705998801620269e-07,3.072147608684535190e-19,3.815080308366418260e-19,1.330429839430322295e-17,4.130788028231235702e-19,1.229975569473335818e-17,2.852351038778649866e-18,2.381146888980415540e-03,8.445962786383517940e-02,4.279961498167360504e-10,1.135773869513672415e-12,9.893570115763664867e-18,2.086841419106434217e-19,1.298926269443811979e-18,5.786169367522416143e-24,1.894157119188939826e-21,8.744311136255768046e-26,2.468620158942960477e-25,6.449007057238595495e-27,1.479663809366421843e-26,1.634831579299980560e-19,3.270715408599510305e-19,7.299956186874226582e-22,3.538323458484923112e-10,3.087445938677984572e-10,1.561451069331401329e-11,1.692545749275268112e-11,8.213639506482996645e-10,1.877280239196166289e-04,2.100639399100525803e-07,7.261193836890825098e-07,7.370537586844005162e-09,1.142373989510846118e-13,7.505002376786428796e-11,9.512397545926879626e-17,1.394754939402779212e-21,1.821339639220119443e-13,2.257199149033488759e-12,1.264741259458449709e-10,9.518374875924320565e-12,7.420644396822549949e-01,0.000000000000000000e+00,6.618846647165871823e-34,9.879516765769682897e-36,8.750493016253120819e-24,1.182385299493713679e-25
1.567968750000000092e-02,-1.935889060000000050e-01,1.044979889999999934e+01,1.848593879999999899e+03,1.813431159999999986e-01,3.828741274134394440e-02,2.543938450957504774e-02,6.184513655713636808e+02,2.448840533333565972e+01,9.595244378946316444e-05,1.709973519812222679e-05,6.686651949265718818e-04,7.149679669214872857e-02,2.487014479726893258e-03,9.701523688934646228e-02,6.679936989266455828e-06,2.830812609689139828e-07,2.194947419758966038e-19,2.794378339693140819e-19,1.037111489886111462e-17,3.174896619651355183e-19,9.650209318940280328e-18,2.234141549754661846e-18,2.241527529753851132e-03,8.349761779083088309e-02,3.860478559576068682e-10,1.006269049889498454e-12,8.410392969076429003e-18,1.780638639804462671e-19,1.072019939882278225e-18,2.996207799670977493e-24,1.028175979887092924e-21,4.833889069469176229e-26,1.462228559839428347e-25,4.991823739451832412e-27,1.185997379869762070e-26,1.211785579866929980e-19,2.372325429739487810e-19,4.226678799535855939e-22,3.163348079652623091e-10,2.912078559680215836e-10,1.429103359843065784e-11,1.557894209828922839e-11,7.697009529154767879e-10,1.855776729796211426e-04,2.165264339762225697e-07,7.428952159184204821e-07,7.240185369204932864e-09,8.908711499021707485e-14,6.167643689322711815e-11,7.652886849159612645e-17,1.055007589884146472e-21,1.538420129831061220e-13,1.887240599792756407e-12,1.068428299882672523e-10,7.909390599131446250e-12,7.422865799184872326e-01,0.000000000000000000e+00,5.256059109422815653e-34,7.834858159139629959e-36,6.305459939307577614e-24,8.184044709101285580e-26
1.570312499999999833e-02,-1.930149590000000137e-01,1.042080289999999998e+01,1.839169190000000071e+03,1.823431950000000135e-01,3.787526866363810640e-02,2.523577653938248802e-02,6.138607464669991032e+02,2.565555199999953473e+01,9.076763971201947485e-05,1.611435350213386798e-05,6.499232740860630408e-04,7.316643880968871916e-02,2.414201010319689047e-03,9.632297561275511566e-02,6.759436240895087021e-06,2.864245350379284210e-07,1.567774770207605007e-19,2.048684430271287412e-19,8.101998501072868233e-18,2.444563770323709842e-19,7.589023881004940098e-18,1.756323590232572873e-18,2.109346680279320513e-03,8.253172481092886648e-02,3.478950480460683698e-10,8.905835431179312746e-13,7.140662980945567529e-18,1.520093340201291238e-19,8.873362801175013329e-19,1.539555940203868346e-24,5.547634390734618638e-22,2.696389150357056760e-26,8.883770811176392834e-26,3.872026050512734681e-27,9.530100491261979762e-27,9.004965581192441542e-20,1.740667060230499520e-19,2.438146860322860153e-22,2.821129940373574719e-10,2.743189190363253704e-10,1.307947150173198722e-11,1.435009390190024402e-11,7.205595450954167118e-10,1.834371970242908156e-04,2.232817590295670348e-07,7.594553361005672372e-07,7.112546600941845178e-09,6.958692220921471768e-14,5.085552200673430286e-11,6.178284960818130038e-17,7.991578171058246252e-22,1.304725500172772213e-13,1.582760760209589642e-12,9.052787981198772809e-11,6.590104050872663708e-12,7.425070330983229994e-01,0.000000000000000000e+00,4.189980760554838769e-34,6.239061810826177169e-36,4.599105380609014449e-24,5.760837830762853046e-26
1.575000000000000011e-02,-1.918123549999999899e-01,1.036247909999999983e+01,1.819878940000000057e+03,1.844178069999999892e-01,3.705404545501913421e-02,2.482600590626318077e-02,6.090655057824606047e+02,2.677883733333192140e+01,8.112419477260307988e-05,1.427694109517845051e-05,6.121095807932808771e-04,7.651197947416069067e-02,2.268855899233771390e-03,9.492469256794242027e-02,6.920617307662797841e-06,2.935446419008653524e-07,8.105349687262695949e-20,1.116035399623097240e-19,5.023494508303485822e-18,1.471343179503104119e-19,4.793253448381241923e-18,1.116728799622862893e-18,1.866337959369708272e-03,8.059021757278340969e-02,2.818432959048170723e-10,6.961335897649045624e-13,5.135412308265689614e-18,1.111551289624611427e-19,6.187725287910307219e-19,5.040217028297839490e-25,2.008859109321576242e-22,1.050712959645157638e-26,4.116550598609775291e-26,2.390818739192582575e-27,6.307805147869754905e-27,5.106816568275347688e-20,1.002752669661354456e-19,9.644398286742933546e-23,2.228075479247543626e-10,2.424695359181141674e-10,1.095469639630042512e-11,1.220185239587924178e-11,6.296102257873706116e-10,1.791870379394856772e-04,2.377325219197139442e-07,7.917552217326116794e-07,6.865301237681478921e-09,4.317998608541743097e-14,3.529203298808132170e-11,4.113068138610950877e-17,4.659306738426478472e-22,9.564078786770058581e-14,1.132903789617400528e-12,6.602076397770374420e-11,4.650700228429385093e-12,7.429429667490963229e-01,0.000000000000000000e+00,2.735030169076336817e-34,4.068192958626106260e-36,2.623808119113898433e-24,3.150313868936089467e-26
1.577343750000000100e-02,-1.911847259999999993e-01,1.033315319999999993e+01,1.810025129999999990e+03,1.854924669999999942e-01,3.664504076384354075e-02,2.461995324011549691e-02,6.056252093038094699e+02,2.751829333333636285e+01,7.663939932087193761e-05,1.342152680365521226e-05,5.931531151615389600e-04,7.818655332129328950e-02,2.196648130598234314e-03,9.421908032565956548e-02,7.002151981906962900e-06,2.973436620809783982e-07,5.807120911581509251e-20,8.225542342240140114e-20,3.957962371077908884e-18,1.141438910310858749e-19,3.809164391037385798e-18,8.909169382426319675e-19,1.754620170477852242e-03,7.961586472168254158e-02,2.533117680689868259e-10,6.143346111673075305e-13,4.344185671183093492e-18,9.499780682587165758e-20,5.174403791409194095e-19,2.832177840771313903e-25,1.190614170324251053e-22,6.607684791799533368e-27,2.870691390781802838e-26,1.872122450509852801e-27,5.117005271393562989e-27,3.837485171045098984e-20,7.641757672081152870e-20,5.984514841629820151e-23,1.972583550537212573e-10,2.274745180619502973e-10,1.001481460272742940e-11,1.125042390306393582e-11,5.876152731600308469e-10,1.770776450482252414e-04,2.454992250668591320e-07,8.073230722198659622e-07,6.745086811836953463e-09,3.400588600926114577e-14,2.947404520802694619e-11,3.364970130916413679e-17,3.554387610968000073e-22,8.220105402238660293e-14,9.608566282616792567e-13,5.652970231539526933e-11,3.914248101066003893e-12,7.431585812023914217e-01,0.000000000000000000e+00,2.213123220602720795e-34,3.291756260896475114e-36,1.991497810542363489e-24,2.344858610638597789e-26
1.579687499999999842e-02,-1.905397659999999993e-01,1.030371700000000068e+01,1.800035190000000057e+03,1.865926009999999968e-01,3.623719283660282314e-02,2.441317970617708916e-02,6.020362578981406614e+02,2.824473599999906881e+01,7.237126442400808237e-05,1.260710020418221655e-05,5.742078081904848858e-04,7.986164332649289821e-02,2.124868490704893628e-03,9.350934343102032531e-02,7.084473662350168567e-06,3.013161840999571161e-07,4.165849511381958664e-20,6.073558742014813597e-20,3.126923811037310447e-18,8.876091062944511062e-20,3.037144891007527405e-18,7.134766222366851988e-19,1.649160050547084306e-03,7.863970342608754549e-02,2.274742750754612153e-10,5.417021451797016462e-13,3.670667931217688743e-18,8.120944032694001548e-20,4.339855331439682193e-19,1.624524300538911785e-25,7.210401922391942968e-23,4.286088981421845937e-27,2.063049500684386116e-26,1.466638830486535542e-27,4.151027041377040937e-27,2.893097080959742335e-20,5.871882671947910401e-20,3.770941071250953757e-23,1.742260800577968812e-10,2.130971080706917896e-10,9.149293403035141780e-12,1.037274320344100422e-11,5.478586561817439448e-10,1.749790830580467071e-04,2.536548670841462361e-07,8.224406122728323773e-07,6.627128682198451225e-09,2.684944620890690145e-14,2.471101210819750905e-11,2.764271090917005702e-17,2.718322750901762869e-22,7.093758712353248517e-14,8.177307472712700179e-13,4.856233131610983021e-11,3.304642711096265911e-12,7.433726462466027085e-01,0.000000000000000000e+00,1.797879160596419359e-34,2.675536310887569021e-36,1.525076110505921170e-24,1.763537830585027485e-26
1.582031249999999931e-02,-1.898777799999999960e-01,1.027417059999999971e+01,1.789912780000000112e+03,1.877185110000000046e-01,3.583055516396240620e-02,2.420573248723798324e-02,5.983032535310761659e+02,2.895782399999910695e+01,6.831167907384975448e-05,1.183240349547046081e-05,5.553142967874212478e-04,8.153669776878709474e-02,2.053625879213855261e-03,9.279564816447707920e-02,7.167652277256165207e-06,3.054744678830619167e-07,2.990475618855221763e-20,4.490328328281066952e-20,2.476259579052068128e-18,6.916286067352390125e-20,2.428821069070227530e-18,5.734355347804842003e-19,1.549678319406770860e-03,7.766222317027028643e-02,2.040985449218694357e-10,4.772562398173024381e-13,3.097705348814173597e-18,6.942993827342166638e-20,3.650145018602695346e-19,9.503106816362134788e-26,4.459788838292757492e-23,2.857689448906053541e-27,1.514955859420062908e-26,1.146521689561102399e-27,3.358403198714376591e-27,2.186570609162963365e-20,4.544029858260509204e-20,2.412191589076593773e-23,1.535149529412332422e-10,1.993315029236942880e-10,8.351751626802881706e-12,9.561817736339659522e-12,5.102639068046668470e-10,1.728915349338157445e-04,2.622300098996162952e-07,8.370482786795712461e-07,6.511337677507407836e-09,2.124927909186560851e-14,2.079850699203816313e-11,2.280121449127151130e-17,2.082732159202713447e-22,6.146298497647146913e-14,6.983269467326748198e-13,4.185540868397741513e-11,2.798552728928691475e-12,7.435851967153496167e-01,0.000000000000000000e+00,1.465375219439042571e-34,2.183265159164228406e-36,1.176947529549454931e-24,1.335443769488781450e-26
1.584375000000000019e-02,-1.891990809999999912e-01,1.024451400000000056e+01,1.779661620000000084e+03,1.888705049999999941e-01,3.542518015666829695e-02,2.399765836772962263e-02,5.944308416329810143e+02,2.965747199999793082e+01,6.445272557270605575e-05,1.109617159530107716e-05,5.365108877728024537e-04,8.321118006476237172e-02,1.983023559160244139e-03,9.207816036100743839e-02,7.251731566929092555e-06,3.098310828687950466e-07,2.147971519090393714e-20,3.323549818592568683e-20,1.965411049167702628e-18,5.399390587713507060e-20,1.947634429175230585e-18,4.624168658041792733e-19,1.455902859383465453e-03,7.668390016752649196e-02,1.829714049225166665e-10,4.201279818220874255e-13,2.610814758894392192e-18,5.936011077486263358e-20,3.078126738696498326e-19,5.660490097602939132e-26,2.813007658808768977e-23,1.949426209174471612e-27,1.124358689523865177e-26,8.895973786232799880e-28,2.694133178859109020e-27,1.655993249298732542e-20,3.537733698501866917e-20,1.564901699337307516e-23,1.349414979428560112e-10,1.861710819211617062e-10,7.616648896774559082e-12,8.811668546268502757e-12,4.747540987989547439e-10,1.708151599276645056e-04,2.712579248851297844e-07,8.510875826395878517e-07,6.397611687290788359e-09,1.685626739286183762e-14,1.757360689255806131e-11,1.888476229200282357e-17,1.598336269323148682e-22,5.346391657735951083e-14,5.984251647465834062e-13,3.619353658467303405e-11,2.377161918993337753e-12,7.437962666850228555e-01,0.000000000000000000e+00,1.196828239493176227e-34,1.784204499244438860e-36,9.143595226127941161e-25,1.013531589570797404e-26
1.586718750000000108e-02,-1.885039840000000133e-01,1.021474749999999965e+01,1.769285409999999956e+03,1.900488959999999949e-01,3.502111913795329101e-02,2.378900360062900440e-02,5.904231159197134957e+02,3.034342400000371853e+01,6.078668469698840764e-05,1.039712739948488647e-05,5.178339679743446545e-04,8.488456819579449919e-02,1.913159729905214825e-03,9.135704489547383234e-02,7.336748099636510196e-06,3.143993309844235055e-07,1.543585179923525077e-20,2.462380339878004891e-20,1.563278169922549456e-18,4.222555849790798974e-20,1.565543469922437185e-18,3.739958659814708495e-19,1.367568869932245593e-03,7.570519679624927722e-02,1.638957009918799983e-10,3.695329169816919800e-13,2.197537259891125886e-18,5.074738419748579297e-20,2.602032729871085215e-19,3.421267529830497760e-26,1.803130689910666405e-23,1.352155109933009298e-27,8.310130259588285736e-27,6.774408549664370819e-28,2.116606359895135540e-27,1.256192869937763594e-20,2.768035969862861510e-20,1.027166419949110397e-23,1.183296999941375139e-10,1.736088129913987581e-10,6.939102749656210893e-12,8.117141619597847011e-12,4.412517479781387561e-10,1.687500979916394970e-04,2.807750009860893647e-07,8.645017429571693705e-07,6.285850889688575388e-09,1.340179139933602459e-14,1.490613059926149489e-11,1.570476109922192509e-17,1.228348829939142941e-22,4.668608029768699974e-14,5.145951049745050152e-13,3.140013849844432073e-11,2.025233689899662218e-12,7.440058899631390998e-01,0.000000000000000000e+00,9.773665439515776067e-35,1.446175889928350916e-36,7.143542879646082576e-25,7.657752619620606960e-27
1.589062499999999850e-02,-1.877928100000000045e-01,1.018487110000000051e+01,1.758787919999999986e+03,1.912540050000000047e-01,3.461842253739409042e-02,2.357981399158360150e-02,5.841197440075054601e+02,3.135285333333233382e+01,5.730604218290601587e-05,9.733976497096422922e-06,4.993184268510568935e-04,8.655635327418084723e-02,1.844128099449909679e-03,9.063246597296496787e-02,7.422757427785844286e-06,3.191938479047867441e-07,1.109202249669132757e-20,1.825232209455546313e-20,1.245641559628433995e-18,3.306746649013620622e-20,1.260655249623955292e-18,3.032191709095518860e-19,1.284419019616866910e-03,7.472656187770959635e-02,1.466882179562439341e-10,3.247516059031288711e-13,1.847017539449047424e-18,4.337559018706136923e-20,2.204310209342469474e-19,2.081847069378999887e-26,1.165669999652288951e-23,9.452247457180462009e-28,5.983618718215129012e-27,4.936182418527570649e-28,1.583557919527635846e-27,9.534008507156073996e-21,2.173962229351522602e-20,6.785549547975918110e-24,1.035070439691245784e-10,1.616376399517846291e-10,6.314744878116356305e-12,7.473758667770630769e-12,4.096787108777957612e-10,1.666964699502756120e-04,2.908211789132501097e-07,8.772362857383266009e-07,6.175977228157749531e-09,1.067673939681520457e-14,1.269178139621413112e-11,1.311259119608860545e-17,9.447150277181982271e-23,4.092237358779314676e-14,4.440444838675446951e-13,2.733018799184759823e-11,1.730368219483843306e-12,7.442140997780061218e-01,0.000000000000000000e+00,7.951001377628272076e-35,1.121840099665363012e-36,5.605529178327910354e-25,5.700023468299723481e-27
1.593750000000000028e-02,-1.863231449999999956e-01,1.012478879999999926e+01,1.737440160000000105e+03,1.937461209999999934e-01,3.381734007147950416e-02,2.315999998502478105e-02,5.754157340203962576e+02,3.263626666666751674e+01,5.087920200853983139e-05,8.511456801428608041e-06,4.628746440776913005e-04,8.989331291508816102e-02,1.708834220286819822e-03,8.917351451496735582e-02,7.598231141275327783e-06,3.295168350553078721e-07,5.776166990969503200e-21,1.010855170169667343e-20,7.995755081342049737e-19,2.048324410343801747e-20,8.295495281392359661e-19,2.029957220340718536e-19,1.132888410190149939e-03,7.277105081221428573e-02,1.172656020196824850e-10,2.505422950420523526e-13,1.301572010218462615e-18,3.173449170532648445e-20,1.601459990268797426e-19,8.554929171435904077e-27,5.432043090911742492e-24,4.804037210806334898e-28,2.494610190418708451e-27,1.643001640275770183e-28,5.151221510864607595e-28,5.570808800935034284e-21,1.377429460231195140e-20,3.278376920550260298e-24,7.867842591320581496e-11,1.394492190234058917e-10,5.213485460875059463e-12,6.328431161062197921e-12,3.520607800590917488e-10,1.626241170272956708e-04,3.126225960524722053e-07,9.005186091511477914e-07,5.961910441000678062e-09,6.869822641153068117e-15,9.367080751572220470e-12,9.314346781563369157e-18,5.641522210946902854e-23,3.191941090535752040e-14,3.358199330563657980e-13,2.099532330352396726e-11,1.280766440214970720e-12,7.446263621249820108e-01,0.000000000000000000e+00,5.139873420862703128e-35,2.441516420409797039e-37,3.553060610596364555e-25,2.886044130484409035e-27
1.598437499999999858e-02,-1.847933200000000109e-01,1.006427309999999942e+01,1.715654620000000023e+03,1.963489180000000112e-01,3.302224850051202476e-02,2.273858648694781701e-02,5.686521802176762321e+02,3.355477333333203660e+01,4.510780409133585369e-05,7.417397418575292996e-06,4.274132529179039820e-04,9.321831918209495804e-02,1.577800559696941867e-03,8.770269768315439030e-02,7.777665798506095310e-06,3.409178459345177156e-07,3.007103629422406673e-21,5.617349008921040366e-21,5.173863629006223085e-19,1.277077589754703691e-20,5.512118738941252308e-19,1.372914639736295644e-19,9.990994558080965992e-04,7.082080098639699506e-02,9.345797738204892226e-11,1.928364649629606589e-13,9.127521548246818151e-19,2.321433689554107720e-20,1.174736529774360832e-19,3.701476449289034155e-27,2.683810929484503206e-24,2.400360269538947686e-28,1.402165719730677200e-28,0.000000000000000000e+00,0.000000000000000000e+00,3.276011289370755947e-21,8.878985068294558214e-21,1.689379179675510232e-24,5.925426218861865439e-11,1.195080479770453183e-10,4.282628779177408302e-12,5.344987258973354094e-12,3.012451909421379306e-10,1.585982729695370041e-04,3.370697369352568636e-07,9.205331338231874157e-07,5.754122538894769368e-09,4.466862959142021895e-15,7.031791498649359389e-12,6.736081118706157326e-18,3.382698929350263909e-23,2.527774279514474406e-14,2.578423969504745867e-13,1.635149919685926296e-11,9.599047518156249877e-13,7.450333628568966970e-01,0.000000000000000000e+00,3.103134999403961054e-35,0.000000000000000000e+00,2.297234259558755917e-25,1.046564559798979711e-27
1.600781249999999947e-02,-1.840068800000000115e-01,1.003385399999999983e+01,1.704609169999999949e+03,1.976924690000000095e-01,3.262704603844768930e-02,2.252739321076982146e-02,5.639535974420147113e+02,3.415556266666531116e+01,4.244791239011699900e-05,6.914928978390020072e-06,4.101160089045140364e-04,9.487522027791051027e-02,1.514066789647484880e-03,8.696326517975264125e-02,7.868525168167997926e-06,3.470644259191941688e-07,2.180386089492348413e-21,4.183438729025984393e-21,4.166067699030028069e-19,1.008693579765149318e-20,4.494891988953468958e-19,1.131447599736568849e-19,9.382073437815603321e-04,6.984868348373736435e-02,8.332579638059953994e-11,1.689606189606614528e-13,7.624674188224772834e-19,1.983919469538090881e-20,1.007610999765401159e-19,2.423295569435792237e-27,1.882523639561698069e-24,1.816484989577073909e-28,1.258475179706993348e-28,0.000000000000000000e+00,0.000000000000000000e+00,2.507752809416128431e-21,7.132663388339326460e-21,1.215602889716975277e-24,5.122957798807239399e-11,1.103439399743089884e-10,3.872857959098295819e-12,4.905992728857754028e-12,2.781817889352318433e-10,1.566027969635386903e-04,3.504554269184046388e-07,9.292006037836573062e-07,5.652103278684040105e-09,3.607060459160180850e-15,6.118157488575529896e-12,5.754038008660306359e-18,2.569343849401788347e-23,2.259024169474038876e-14,2.268144849471915446e-13,1.448266119662804942e-11,8.333424218059757017e-13,7.452349738264895107e-01,0.000000000000000000e+00,2.264076509472862598e-35,0.000000000000000000e+00,1.849918269569289761e-25,7.603164048229780828e-28
1.603125000000000036e-02,-1.832063590000000131e-01,1.000332679999999996e+01,1.693465210000000070e+03,1.990647979999999873e-01,3.223347967591232849e-02,2.231592861266391142e-02,5.591549113452201709e+02,3.474188799999908639e+01,3.993246499875187513e-05,6.440954949798682388e-06,3.931331069877123008e-04,9.652784609698293605e-02,1.451588039954629416e-03,8.622133429730506615e-02,7.960254929751196383e-06,3.535338359889499871e-07,1.575447449950758289e-21,3.118970189902513896e-21,3.361454529894934648e-19,7.980527849750562180e-21,3.675433119885121141e-19,9.372624789707050694e-20,8.811174529724598347e-04,6.887902699784712035e-02,7.424138119767952850e-11,1.479993969953741466e-13,6.363297119801109009e-19,1.695812499946995964e-20,8.662810719729236490e-20,1.600907359949962220e-27,1.334302889958295023e-24,1.622647869949282512e-28,1.392310789956482228e-27,0.000000000000000000e+00,0.000000000000000000e+00,1.923979059939864415e-21,5.749820709820285164e-21,8.848928609723419103e-25,4.419672769861859012e-11,1.017068899968210720e-10,3.497588289890679667e-12,4.499886159859351839e-12,2.566005649919797159e-10,1.546191399951672512e-04,3.646844819886014907e-07,9.369426439707149806e-07,5.551358529826487301e-09,2.920526819908716496e-15,5.345126569832933007e-12,4.936747489845697695e-18,2.024688609936716740e-23,2.026131969936671440e-14,2.002528579937409205e-13,1.287005249959773446e-11,7.256404109773194880e-13,7.454353399767007504e-01,0.000000000000000000e+00,2.185366949931694260e-35,0.000000000000000000e+00,1.495999269953241282e-25,1.136165479964488149e-27
1.605468750000000125e-02,-1.823920960000000036e-01,9.972691969999999628e+00,1.682226529999999912e+03,2.004662749999999993e-01,3.184159132035859624e-02,2.210423467847194914e-02,5.542611994041078560e+02,3.531374933333741950e+01,3.755525578953326045e-05,5.994244958329389049e-06,3.764858308950724971e-04,9.817579657263816872e-02,1.390419989612486735e-03,8.547706227617733743e-02,8.052853577755650865e-06,3.603478318995702064e-07,1.138867849682594932e-21,2.326766289351524835e-21,2.716912069242790174e-19,6.322335838237950478e-21,3.011717739160627099e-19,7.778754117832042517e-20,8.276256667693386538e-04,6.791218138107270319e-02,6.610289588157697305e-11,1.296006939638799770e-13,5.305130568521447315e-19,1.449734839595955480e-20,7.464239127919698854e-20,1.065251579703111805e-27,9.540935537340918913e-25,1.689650059529090431e-28,3.610396468993773761e-27,1.381605639614942973e-28,6.470915058196540125e-28,1.478211649588019106e-21,4.649749098704103902e-21,6.508065428186186959e-25,3.804426338939697035e-11,9.358331837391810774e-11,3.154333099120880000e-12,4.124478088850498283e-12,2.364289149341066940e-10,1.526473109574568365e-04,3.798319408941399205e-07,9.437351937369787358e-07,5.451832188480561255e-09,2.370452779339349487e-15,4.688875778693199163e-12,4.253986328814403581e-18,1.573964079561332717e-23,1.823701079491730445e-14,1.774494949505444166e-13,1.147474929680195996e-11,6.337047738233849002e-13,7.456344887921898534e-01,0.000000000000000000e+00,2.375761799337869432e-35,0.000000000000000000e+00,1.214536159661505932e-25,1.982370569447508572e-27
1.607812499999999867e-02,-1.815644299999999989e-01,9.941950059999999922e+00,1.670896899999999960e+03,2.018972830000000107e-01,3.145142163279918829e-02,2.189235266669610491e-02,5.467078795481310181e+02,3.615071999999882024e+01,3.531026080402365364e-05,5.573588380635118090e-06,3.601934700410445241e-04,9.981868731137447104e-02,1.330613260151625090e-03,8.473060450965516632e-02,8.146319000928284302e-06,3.675301470418805515e-07,8.224906460937238698e-22,1.736100890197831226e-21,2.199058330250585770e-19,5.013613250571308031e-21,2.471645820281646930e-19,6.467443680736973944e-20,7.775356380886012594e-04,6.694848240762886482e-02,5.881761670670234164e-11,1.134533450129281515e-13,4.417927140503428339e-19,1.239433270141235141e-20,6.444698230734380871e-20,7.119756980811305182e-28,6.864803550782252932e-25,1.887532690215086707e-28,6.346382050723178655e-27,5.120242230583458056e-28,2.361323940269075975e-27,1.136154220129466404e-21,3.770345600429635769e-21,4.826738080550013532e-25,3.267122850372292371e-11,8.595859900979510316e-11,2.840762160323708145e-12,3.777735730430478256e-12,2.175958030247953244e-10,1.506873090171710259e-04,3.959805900451225029e-07,9.495597571082035945e-07,5.353474070610035214e-09,1.928282190219730350e-15,4.129904560470607495e-12,3.681458300419506251e-18,1.221110780139147188e-23,1.647223690187703081e-14,1.578169750179834524e-13,1.026420640116961913e-11,5.549809540632408875e-13,7.458324470849885257e-01,0.000000000000000000e+00,2.691894140306744443e-35,0.000000000000000000e+00,9.894672641127511228e-26,3.065870140349359744e-27
1.612500000000000044e-02,-1.798698649999999899e-01,9.880146269999999120e+00,1.647975860000000011e+03,2.048499209999999904e-01,3.067641762292316193e-02,2.146817766905572897e-02,5.364862612745083652e+02,3.720371200000091960e+01,3.119960772555308563e-05,4.806897843936943371e-06,3.287278512692345315e-04,1.030879100844310087e-01,1.215222620995291174e-03,8.323169886816839114e-02,8.336191376827504568e-06,3.830912023137591526e-07,4.330395553546678269e-22,9.713056517955183651e-22,1.451787501189042220e-19,3.174008012599574560e-21,1.683912751379157458e-19,4.528247993708724043e-20,6.869715935626431345e-04,6.503168325326220967e-02,4.650300793808687434e-11,8.704050777128786513e-14,3.061063642507070729e-19,9.083628667439669502e-21,4.854433713975875993e-20,3.361092552752800459e-28,3.774524393091409559e-25,2.346337781921696251e-28,1.203696600985851142e-26,1.310091951072990996e-27,6.372476295219182954e-27,6.785129335557153071e-22,2.526931362069606399e-21,2.819937342309584078e-25,2.395842171962241462e-11,7.215875485909943551e-11,2.295958741880435021e-12,3.164449612591746053e-12,1.837145461504658129e-10,1.468030081202345300e-04,4.315377903534378796e-07,9.582786847848488368e-07,5.160371614226445811e-09,1.290554531056989609e-15,3.254895652665823085e-12,2.804090912296605193e-18,7.388987806051725946e-24,1.360530661114301134e-14,1.265661601036601545e-13,8.313688196809072896e-12,4.306380113527009291e-13,7.462248616111727406e-01,0.000000000000000000e+00,3.461942142835398210e-35,0.000000000000000000e+00,6.711555385496895170e-26,5.249859974299738412e-27
1.617187499999999875e-02,-1.781259410000000099e-01,9.817923950000000843e+00,1.624737380000000030e+03,2.079253040000000052e-01,2.990869279585842491e-02,2.104372674155663425e-02,5.286853079809151268e+02,3.794935466666608903e+01,2.754922628003064910e-05,4.130856967005704749e-06,2.988350647833862370e-04,1.063329049229234657e-01,1.105703819198518897e-03,8.172590304076010614e-02,8.528407513818092364e-06,4.004081977097598706e-07,2.236966678378511052e-22,5.442360226055047518e-22,9.639484333012718213e-20,2.017658718537478701e-21,1.156115569161977256e-19,3.192674817685755752e-20,6.077812545594433492e-04,6.313102955423879892e-02,3.668187237341075546e-11,6.680825975157331749e-14,2.114822128467048772e-19,6.669461735165570012e-21,3.689297717325773643e-20,1.628750928819382409e-28,2.145034518445149132e-25,2.252546938367217448e-28,1.408338938979150735e-26,1.670483808789132044e-27,8.564121773792205758e-27,4.072079727048309618e-22,1.717167268755292920e-21,1.724182228750208323e-25,1.742241138737118062e-11,6.015541515639570899e-11,1.845651408662160166e-12,2.644020408083453813e-12,1.543921268880872092e-10,1.429654378963699868e-04,4.722265546577015297e-07,9.630674203019104072e-07,4.970805036396859519e-09,8.722564463677356626e-16,2.608072098109511238e-12,2.173950828424188499e-18,4.465078306763440674e-24,1.138835119174503244e-14,1.030070129253342736e-13,6.821906315055069077e-12,3.379984097549982757e-13,7.466128274588097469e-01,0.000000000000000000e+00,0.000000000000000000e+00,0.000000000000000000e+00,4.629408556644324522e-26,5.429661696064252205e-27
1.619531249999999964e-02,-1.772365029999999897e-01,9.786657919999999677e+00,1.613010160000000042e+03,2.095098430000000012e-01,2.952763144028869996e-02,2.083149678833068688e-02,5.233417954301876307e+02,3.843426133333093020e+01,2.588086911451663189e-05,3.823719012144731096e-06,2.845011271595772936e-04,1.079455400605468796e-01,1.053214640590750166e-03,8.097081254541668716e-02,8.624666734837593203e-06,4.097942192298544310e-07,1.653281410927328858e-22,4.069552052282619976e-22,7.860622394409039144e-20,1.608679280902311532e-21,9.581632785374357646e-20,2.687123221507212938e-20,5.719762353208225885e-04,6.218748303488108586e-02,3.254471741825439705e-11,5.851701233282230395e-14,1.754731520984232187e-19,5.714993903205551710e-21,3.221932281807188247e-20,1.119619810627997016e-28,1.599232650897012870e-25,1.949263241093345495e-28,1.288496920722720582e-26,1.151988380646152626e-27,6.230734853494831626e-27,3.150527021767137253e-22,1.417355910794997850e-21,1.358549950762013450e-25,1.480365740830340183e-11,5.477515243072348833e-11,1.650899990925993231e-12,2.414079961354062155e-12,1.412697660792385012e-10,1.410638860791230262e-04,4.948679032775723264e-07,9.640007875407100455e-07,4.876877542735450322e-09,7.186122144030710745e-16,2.346047911315903162e-12,1.924149451079259096e-18,3.095437291736237037e-24,1.046239580586837861e-14,9.333948855235429731e-14,6.203903393479781733e-12,3.003675821684767636e-13,7.468052054188845101e-01,0.000000000000000000e+00,0.000000000000000000e+00,0.000000000000000000e+00,3.852888832161093024e-26,4.194126102352494294e-27
1.621875000000000053e-02,-1.763357000000000119e-01,9.755288619999999966e+00,1.601214189999999917e+03,2.111263909999999966e-01,2.914850070142270197e-02,2.061931235380380298e-02,5.179382976889487509e+02,3.890470399999865236e+01,2.431231330405423988e-05,3.536162700589678426e-06,2.705859130451219834e-04,1.095511830182683832e-01,1.002264390167134384e-03,8.021443621337628893e-02,8.721053801454292404e-06,4.197083570699891809e-07,1.200692620200223432e-22,3.045038150507780249e-22,6.419259081070453722e-20,1.283963680214109565e-21,7.958941811327206241e-20,2.279931110380193792e-20,5.385544080898075053e-04,6.124880361021364100e-02,2.886045640481267204e-11,5.128614280855230796e-14,1.455601200242731145e-19,4.901633930817379997e-21,2.820024860470258246e-20,7.711470491285939462e-29,1.196061780199451325e-25,1.626417030271215759e-28,1.127790890188066695e-26,7.726045291288368792e-28,4.273888160712699428e-27,2.442422880407289825e-22,1.173675710195718196e-21,1.082605460180531706e-25,1.255580320209376428e-11,4.979080790830294936e-11,1.474807640245933988e-12,2.202980380367361519e-12,1.291082510215296622e-10,1.391739040232081574e-04,5.191927000865788699e-07,9.639716341607486622e-07,4.783566790797691857e-09,5.935129250989721855e-16,2.118841190353331013e-12,1.710449640285228714e-18,2.690333700448631140e-24,9.642189831607899516e-15,8.488191761415462174e-14,5.659715120943794712e-12,2.676744060446364373e-13,7.469965211245666037e-01,0.000000000000000000e+00,0.000000000000000000e+00,0.000000000000000000e+00,3.219080440536803331e-26,2.464178220410917858e-27
1.624218750000000142e-02,-1.754238710000000090e-01,9.723816839999999573e+00,1.589353069999999889e+03,2.127753970000000050e-01,2.877133230113858645e-02,2.040721006037745158e-02,5.124796201998871084e+02,3.936093866667138030e+01,2.283873330508328915e-05,3.267181510727186556e-06,2.570960360572226979e-04,1.111495570247388875e-01,9.528683172120828255e-04,7.945691841768497132e-02,8.817466501962531179e-06,4.301875680957481627e-07,8.714446671939601102e-23,2.278753070507188870e-22,5.248240571168117078e-20,1.025553730228260689e-21,6.623135401474131528e-20,1.938823450431529844e-20,5.073708881129271016e-04,6.031523191342454820e-02,2.558146300569374431e-11,4.497964421001125919e-14,1.207170870268683878e-19,4.208084570936606421e-21,2.473628830550563199e-20,5.319937561184075057e-29,8.966885501995787999e-26,1.372135220305400321e-28,9.892076412201709751e-27,3.582763400797426699e-28,1.969884920438443434e-27,1.896066760422013261e-22,9.749570772169991535e-22,8.735063601944190579e-26,1.062901800236573326e-11,4.518307321005653501e-11,1.315830340292868357e-12,2.009390990447236392e-12,1.178505980262303705e-10,1.372954000305582722e-04,5.453681171213842330e-07,9.629985552143375381e-07,4.690835871044054044e-09,4.913204591093546208e-16,1.921251450427619001e-12,1.527008040339870704e-18,2.106371480468821474e-24,8.913834071983979643e-15,7.746354071724129540e-14,5.179382971152791241e-12,2.391925730532378356e-13,7.471867951663035967e-01,0.000000000000000000e+00,0.000000000000000000e+00,0.000000000000000000e+00,2.700001790600948140e-26,3.399126750756554009e-28
1.626562499999999883e-02,-1.745013490000000000e-01,9.692243429999999549e+00,1.577430380000000014e+03,2.144573240000000047e-01,2.839615670008988763e-02,2.019522575800596770e-02,5.069711452349411047e+02,3.980296533333165598e+01,2.145546460909451752e-05,3.015804461278335849e-06,2.440362941034418423e-04,1.127404000477882917e-01,9.050372653836261279e-04,7.869840133335859189e-02,8.913751273778351976e-06,4.412704541870452425e-07,6.325571112681276758e-23,1.705413560722888872e-22,4.295288631820682481e-20,8.196514633474329633e-22,5.520298522339939482e-20,1.652504490700462109e-20,4.782876842027360630e-04,5.938699602517289594e-02,2.266505730960724158e-11,3.947969721673460836e-14,1.000968270424289368e-19,3.616436101532931452e-21,2.174340550921657039e-20,3.687020921562850318e-29,6.756209592863815745e-26,1.262740010535248883e-28,9.457494834008833034e-27,0.000000000000000000e+00,0.000000000000000000e+00,1.473594780624625747e-22,8.123571273443410446e-22,7.149041943030328224e-26,8.980686653806723812e-12,4.093260301735046676e-11,1.172526790497009268e-12,1.832052790776568679e-12,1.074421640455424721e-10,1.354282690574051991e-04,5.735804322431285888e-07,9.611044164073918532e-07,4.598627451949260920e-09,4.076315091727864067e-16,1.748925320741332538e-12,1.369019360580298435e-18,1.639309920694868789e-24,8.265451683503551301e-15,7.093989213006992848e-14,4.754417032015297116e-12,2.143132910908428914e-13,7.473760473167969653e-01,0.000000000000000000e+00,0.000000000000000000e+00,0.000000000000000000e+00,2.273582830963724010e-26,0.000000000000000000e+00
1.628906249999999972e-02,-1.735684670000000041e-01,9.660569289999999754e+00,1.565449620000000095e+03,2.161726439999999971e-01,2.802300286614674979e-02,1.998339456773528741e-02,5.014167807692313090e+02,4.023082666666476825e+01,2.015800340757606301e-05,2.781091631045228771e-06,2.314100460869717585e-04,1.143234650429666432e-01,8.587780813227580265e-04,7.793902512929214155e-02,9.009743903386168269e-06,4.529992901702525754e-07,4.589808201725005894e-23,1.276271110479666186e-22,3.518608741322412600e-20,6.554011852463221192e-22,4.607216541731549226e-20,1.411267030530402353e-20,4.511735381695663365e-04,5.846431162197287396e-02,2.007272660754401188e-11,3.468303501303506161e-14,8.299038013119061139e-20,3.111456461169391362e-21,1.915104020719761365e-20,2.588879020972988670e-29,5.157494681938362460e-26,1.382720550519673333e-28,1.098514020412859023e-26,0.000000000000000000e+00,0.000000000000000000e+00,1.146311360430822963e-22,6.788507892551351698e-22,5.950183942236282086e-26,7.573311742846307771e-12,3.701998661391336907e-11,1.043548170392200988e-12,1.669778010627559395e-12,9.783046793676802481e-11,1.335723890502010596e-04,6.040376162270178882e-07,9.583159553601676856e-07,4.506889051693842186e-09,3.389284171273808179e-16,1.598208350600661129e-12,1.232506080463217748e-18,1.275107890479228980e-24,7.686866662888986147e-15,6.518843702450003340e-14,4.377563331645237119e-12,1.925227820723566073e-13,7.475642952809601338e-01,0.000000000000000000e+00,0.000000000000000000e+00,0.000000000000000000e+00,1.922492350722538194e-26,0.000000000000000000e+00
1.631250000000000061e-02,-1.726255570000000128e-01,9.628795350000000752e+00,1.553414279999999962e+03,2.179218440000000034e-01,2.765189879445956178e-02,1.977175089596032442e-02,4.929623462156679921e+02,4.085198933333492732e+01,1.894200641098833015e-05,2.562129841486301665e-06,2.192195541271701369e-04,1.158985170672331977e-01,8.140939974722591951e-04,7.717892794477179685e-02,9.105316975282029090e-06,4.654229962699937207e-07,3.245184811882544879e-23,9.547450645538514542e-23,2.884291751673189235e-20,5.241701703040732965e-22,3.848648992232616886e-20,1.207031010700203467e-20,4.259037622470684611e-04,5.754738253338346349e-02,1.776958431030820479e-11,3.049828421769217704e-14,6.880008053991120216e-20,2.680078931554724369e-21,1.690008470980380703e-20,1.873534371086845028e-29,4.059038102354663944e-26,1.830711581062003042e-28,1.591987350923518115e-26,0.000000000000000000e+00,0.000000000000000000e+00,8.918923395173903289e-23,5.688357103299839257e-22,5.053086842931315680e-26,6.373115943697069822e-12,3.342571261939038789e-11,9.276299745381217554e-13,1.521449320882598599e-12,8.896502945160895910e-11,1.317276250764156981e-04,6.369719723695099429e-07,9.546633565538039030e-07,4.415599622561506934e-09,2.823626621637997399e-16,1.466024170850446472e-12,1.114160130646328770e-18,9.910943885749379212e-25,7.169337094158961851e-15,6.010497313486712976e-14,4.042610122345133884e-12,1.733844061005809683e-13,7.477515564337736675e-01,0.000000000000000000e+00,0.000000000000000000e+00,0.000000000000000000e+00,1.633212850947433432e-26,0.000000000000000000e+00
1.635937499999999892e-02,-1.707106200000000074e-01,9.564951280000000722e+00,1.529190200000000004e+03,2.215243590000000040e-01,2.691597447166578505e-02,1.934915635918657562e-02,4.817058438763796744e+02,4.162199466666550762e+01,1.674203710081520428e-05,2.168841000105605485e-06,1.961500520095509873e-04,1.190236810057955230e-01,7.294494110355185168e-04,7.565708340368390572e-02,9.295217490452603674e-06,4.925396510239827782e-07,1.799446300087618967e-23,5.351111460260557945e-23,1.945686740094739875e-20,3.362006890163703577e-22,2.706524270131786789e-20,8.889447110432847799e-21,3.805290800185288057e-04,5.573150790271368810e-02,1.391913050067775271e-11,2.371327160115464799e-14,4.741994800230897794e-20,2.001585090097461491e-21,1.327322550064630155e-20,1.223173110059559064e-29,3.159110960153823799e-26,3.990720520194316752e-28,4.211279150205056041e-26,0.000000000000000000e+00,0.000000000000000000e+00,5.441466850264956368e-23,4.055577800197475329e-22,3.973716630193488927e-26,4.495528900218896407e-12,2.713201590132111871e-11,7.313764490356122474e-13,1.263420310061518670e-12,7.331123590356968117e-11,1.280712280062360712e-04,7.110061500346204822e-07,9.448785340460081864e-07,4.234575070206190724e-09,1.975525710096192722e-16,1.249288770060830569e-12,9.233208010449585750e-19,5.996416120291978528e-25,6.294200510306478287e-15,5.166825670251583890e-14,3.481962020169544109e-12,1.419132530069100801e-13,7.481231690364277265e-01,0.000000000000000000e+00,0.000000000000000000e+00,0.000000000000000000e+00,1.209720540058903905e-26,0.000000000000000000e+00
1.640625000000000069e-02,-1.687595889999999876e-01,9.500723560000000845e+00,1.504789559999999938e+03,2.252684149999999996e-01,2.618850086660809429e-02,1.892769689546003678e-02,4.703428344461146366e+02,4.233785600000114613e+01,1.481910089195721507e-05,1.828555109007586506e-06,1.748003869051304045e-04,1.221145389337246479e-01,6.510196306466715715e-04,7.413396145976519636e-02,9.480521174854626655e-06,5.230345337161330295e-07,9.718576154725427086e-24,2.992828628375699026e-23,1.314888209286369396e-20,2.156359728829677012e-22,1.911997328962299916e-20,6.482923676481516855e-21,3.411508438148469057e-04,5.394062847072474826e-02,1.088790279409079789e-11,1.855094918993182504e-14,3.274154238223015133e-20,1.505171239183096992e-21,1.051060619429556956e-20,1.227288899333912165e-29,3.894930497886100664e-26,9.085932365068782489e-28,1.154955549373169955e-25,0.000000000000000000e+00,0.000000000000000000e+00,3.328452028193546484e-23,2.928520668410600729e-22,3.537072068080321363e-26,3.148575978291170306e-12,2.188848088812044257e-11,5.744000226882553305e-13,1.049068229430638135e-12,6.009489466738463771e-11,1.244570009324533243e-04,7.982239415667791388e-07,9.320875444941272197e-07,4.054577597799455483e-09,1.392139179244442758e-16,1.079781529413969177e-12,7.771307875782270005e-19,3.616425608037253798e-25,5.583599886969607666e-15,4.497409667559116750e-14,3.032663268354079969e-12,1.172550599363620511e-13,7.484910575937707700e-01,0.000000000000000000e+00,0.000000000000000000e+00,0.000000000000000000e+00,9.387495714905115591e-27,0.000000000000000000e+00
1.645312499999999900e-02,-1.667750020000000055e-01,9.436121449999999911e+00,1.480238509999999906e+03,2.291583749999999975e-01,2.546965869265979329e-02,1.850762025902251418e-02,4.618139587103142958e+02,4.283494399999865720e+01,1.314394560570724265e-05,1.535348920666664845e-06,1.551362430673618111e-04,1.251696930543500230e-01,5.786930222512747402e-04,7.261058423152828845e-02,9.658690604193905920e-06,5.573898712420246816e-07,2.477396581075711985e-23,1.672093640726040890e-23,8.898573493863856229e-21,1.383549700600752331e-22,1.367867750593942682e-20,4.501450281954577870e-21,3.069935661332998870e-04,5.217597092265536390e-02,8.506226773693494427e-12,1.462558240635058279e-14,2.268854620985161236e-20,1.141835780495797278e-21,8.408671003651134100e-21,1.650269870716564927e-29,6.584074752858876154e-26,1.853694510804894171e-27,2.806699181218699046e-25,0.000000000000000000e+00,0.000000000000000000e+00,2.054106250891914997e-23,2.145148980931446426e-22,3.572471941551205580e-26,2.192074880951822553e-12,1.755784430762380533e-11,4.496971131952632697e-13,8.716669443784871375e-13,4.899664312127486856e-11,1.208832270524887908e-04,9.014646643914255762e-07,9.166106813980021824e-07,3.875106791682613001e-09,9.875421024288012462e-17,9.458395194106936127e-13,6.638335552882435895e-19,2.175213850944500948e-25,5.001369562171648416e-15,3.961145351719971865e-14,2.669406731159084817e-12,9.775407624244587088e-14,7.488553283251609960e-01,0.000000000000000000e+00,0.000000000000000000e+00,0.000000000000000000e+00,7.988958233468890822e-27,0.000000000000000000e+00
1.647656249999999989e-02,-1.657710579999999989e-01,9.403683589999999981e+00,1.467916050000000041e+03,2.311592670000000016e-01,2.511351126240453022e-02,1.829817496195831200e-02,4.560387340065366288e+02,4.315413333333213330e+01,1.238906710057619520e-05,1.404356300065314216e-06,1.459179110067864121e-04,1.266835290058918317e-01,5.447599500253358720e-04,7.184911740334158636e-02,9.743736180453164259e-06,5.762104800267986304e-07,3.476719570161696158e-24,1.245047470057905222e-23,7.318309730340363866e-21,1.109082170051581605e-22,1.178443360054807529e-20,8.992195120418213369e-21,2.916181560135626904e-04,5.130381830238605473e-02,7.512462600349391686e-12,1.301730810060541253e-14,1.888655410087838535e-20,9.967585260463575787e-22,7.524137980349935881e-21,1.962033320091250980e-29,8.805321150409521379e-26,2.557772270118957791e-27,4.228971890196682460e-25,0.000000000000000000e+00,0.000000000000000000e+00,1.672957990077806557e-23,1.841391850085640168e-22,3.729166890173438093e-26,1.823056950084787189e-12,1.568790900072961952e-11,3.972211250184740782e-13,7.946346270369571605e-13,4.414048000205290208e-11,1.191106020055396325e-04,9.604202010446677080e-07,9.079850730422289210e-07,3.785255470176046058e-09,8.330039030387415992e-17,8.890353890413476531e-13,6.163679190286661972e-19,1.681325310078195680e-25,4.748229320220832510e-15,3.731628930173552052e-14,2.512985250116874666e-12,8.948677990416187377e-14,7.490361430348364546e-01,0.000000000000000000e+00,0.000000000000000000e+00,0.000000000000000000e+00,7.778761260361777497e-27,0.000000000000000000e+00
1.650000000000000078e-02,-1.647596329999999887e-01,9.371155260000000098e+00,1.455565270000000055e+03,2.331983970000000017e-01,2.475959774297125868e-02,1.808916645301791512e-02,4.473101132118747500e+02,4.361307733333477188e+01,1.168628170101349137e-05,1.283131300111279463e-06,1.371050030118904292e-04,1.281879260111170871e-01,5.122968790444289112e-04,7.108795620616509270e-02,9.826017840852159982e-06,5.962448080517092651e-07,2.547199050220905498e-24,9.268623270803820691e-24,6.015811750521720594e-21,8.863840320768716280e-23,9.935238770861633401e-21,7.550234670654793847e-21,2.773028710240490525e-04,5.043866660437428678e-02,6.632748410575224504e-12,1.161302100100713648e-14,1.574355890136535886e-20,8.721548830756374783e-22,6.738133490584363647e-21,2.301766780199620318e-29,1.161891660100764895e-25,3.420083800296606411e-27,6.171307240535205378e-25,0.000000000000000000e+00,0.000000000000000000e+00,1.326130590115008581e-23,1.587174480137647488e-22,3.969536680344257686e-26,1.513902320131292837e-12,1.399875470121403960e-11,3.506548320304105134e-13,7.247484950628537270e-13,3.970858100344372030e-11,1.173473280101769352e-04,1.024785220088874381e-06,8.988096700779491668e-07,3.695464660320488701e-09,7.035819720610179878e-17,8.381744820726905060e-13,5.742283650497998559e-19,1.297963270112565906e-25,4.517657200391793134e-15,3.524829430305690771e-14,2.371473730205666023e-12,8.208278640711862305e-14,7.492160800649756425e-01,0.000000000000000000e+00,0.000000000000000000e+00,0.000000000000000000e+00,7.925726050687357589e-27,0.000000000000000000e+00
1.654687499999999908e-02,-1.627152699999999952e-01,9.305831930000000085e+00,1.430788129999999910e+03,2.373942779999999864e-01,2.405857736684969411e-02,1.767257244814846376e-02,4.357849457706619773e+02,4.417284266666509041e+01,1.042797160117507975e-05,1.068115430120361109e-06,1.206769940135985316e-04,1.311677940147807087e-01,4.517058170509006230e-04,6.956701340783918996e-02,9.982169931124844388e-06,6.403178780721544860e-07,1.853473430208859330e-24,5.126959770577733366e-24,4.067423120458339452e-21,5.656354100637388732e-23,7.073709990797103809e-21,5.460714130615343233e-21,2.516204740283539297e-04,4.872981570549114044e-02,5.169369950582512650e-12,9.328873711051228735e-15,1.100729130124036121e-20,6.744279790759981880e-22,5.426668960611506227e-21,3.005675470338695564e-29,1.924626320216877392e-25,5.615963070632837425e-27,1.207161970136029390e-24,0.000000000000000000e+00,0.000000000000000000e+00,7.782905290877020234e-24,1.199476670135163567e-22,4.675619270526874427e-26,1.042019570117420419e-12,1.111506740125250687e-11,2.733397620308014257e-13,6.045441120681233860e-13,3.200994950360705783e-11,1.138481090128290219e-04,1.171301900131988720e-06,8.789468600990445260e-07,3.516507710396259035e-09,5.042085530568169173e-17,7.520022470847396729e-13,5.038518750567767704e-19,7.719274690869850448e-26,4.116484840463867669e-15,3.171000010357325722e-14,2.127887750239781855e-12,6.952228460783414814e-14,7.495733530844660431e-01,0.000000000000000000e+00,0.000000000000000000e+00,0.000000000000000000e+00,9.399955731059237851e-27,0.000000000000000000e+00
1.659375000000000086e-02,-1.606446679999999905e-01,9.240167039999999332e+00,1.405934449999999970e+03,2.417505580000000043e-01,2.336664699418404892e-02,1.725803899369331498e-02,4.242517001801882657e+02,4.468296533333477072e+01,9.342634875917384655e-06,8.850913086132261515e-07,1.057708059537794756e-04,1.341086859413961885e-01,3.966498778266689426e-04,6.804867297026358230e-02,1.012304679557635502e-05,6.905116766982549969e-07,0.000000000000000000e+00,2.817944888768593034e-24,2.744157378800837561e-21,3.594439418429274366e-23,5.036663037799041567e-21,4.037304128235748530e-21,2.293145688997923941e-04,4.704999497943973541e-02,4.023326808241856122e-12,7.572754556690801677e-15,7.736933256619057500e-21,5.271391767696467248e-22,4.385373998083646546e-21,3.706310858380388558e-29,3.031735068675170037e-25,8.666710696212755802e-27,2.233846969023836824e-24,0.000000000000000000e+00,0.000000000000000000e+00,4.798331477903188588e-24,9.296697875937458783e-23,5.628280697540510952e-26,7.132320476883264999e-13,8.786954126160209457e-12,2.128866299069711890e-13,5.059596617789019728e-13,2.564998648879127481e-11,1.103819199517644644e-04,1.346198859411727801e-06,8.574001136253268653e-07,3.337748408541445793e-09,3.625439598415728398e-17,6.817518017020828692e-13,4.473824648044994344e-19,4.555635068009244568e-26,3.778648748348777855e-15,2.879177148741835899e-14,1.925557399158555207e-12,5.927639527409695367e-14,7.499272806722910856e-01,0.000000000000000000e+00,6.841649697010284124e-38,0.000000000000000000e+00,1.300447249431720797e-26,0.000000000000000000e+00
1.664062499999999917e-02,-1.585501539999999987e-01,9.174173200000000250e+00,1.381027270000000044e+03,2.462725779999999920e-01,2.268393414197103150e-02,1.684577044741777246e-02,4.127302834389430473e+02,4.514459733333182356e+01,8.409388508587275614e-06,7.299839217454255335e-07,9.231148099426418434e-05,1.370097881399079953e-01,3.468768003542144120e-04,6.653381396794123825e-02,1.024491941046163364e-05,7.478927557637132248e-07,1.083085641105996472e-24,1.537547091570071417e-24,1.845745471884789473e-21,2.272698492320773809e-23,3.588554253664464692e-21,3.045936823110368917e-21,2.099107902143510949e-04,4.539989284636025690e-02,3.126576813192714457e-12,6.214704036346166536e-15,5.468886025584572157e-21,4.166441844254576065e-22,3.555169543630373956e-21,4.348458464440443306e-29,4.583025624679971987e-25,1.270185771297054628e-26,3.953542444037172635e-24,0.000000000000000000e+00,0.000000000000000000e+00,2.989832743053077507e-24,7.467481247625444375e-23,6.777646406921017078e-26,4.859099484961886432e-13,6.921076887067481122e-12,1.658419481693500649e-13,4.252635214342592581e-13,2.042676252085885793e-11,1.069456611092079189e-04,1.554685411587572181e-06,8.344838628521360284e-07,3.159080653225905969e-09,2.612860732668131490e-17,6.238460746370425666e-13,4.015541174100483246e-19,2.666047342722443458e-26,3.491416063565271615e-15,2.636061102691822930e-14,1.755886721793029682e-12,5.083559105191093467e-14,7.502779357661487625e-01,0.000000000000000000e+00,3.402264593474234395e-37,1.612513011646622841e-35,1.965824122007408097e-26,0.000000000000000000e+00
1.668750000000000094e-02,-1.564340009999999892e-01,9.107863869999999196e+00,1.356088809999999967e+03,2.509659479999999943e-01,2.201055532429224346e-02,1.643596092984322271e-02,4.012371748153354361e+02,4.555893333333499129e+01,7.609219341619571240e-06,5.991280681275203586e-07,8.021900721707407806e-05,1.398704010297704692e-01,3.021118840643025397e-04,6.502327921383976861e-02,1.034384230220161872e-05,8.137458441732003470e-07,9.617182532046952871e-25,8.317991431770429302e-25,1.236346710263148154e-21,1.428244270303992233e-23,2.557689630544387392e-21,2.341832750498443499e-21,1.929942360410775147e-04,4.378009270931829816e-02,2.425401860516230666e-12,5.156027521097426945e-15,3.886521620827220457e-21,3.329985800708765477e-22,2.890120210615143019e-21,4.884425031039617394e-29,6.695224651425033650e-25,1.778778860378601254e-26,6.736033431433719142e-24,0.000000000000000000e+00,0.000000000000000000e+00,1.883234400400833598e-24,6.302467761341437904e-23,8.071584751717983301e-26,3.297006760701745955e-13,5.435517211156913396e-12,1.293796350275375780e-13,3.592981580764742055e-13,1.616303040344019274e-11,1.035360720220369679e-04,1.802253470383597580e-06,8.104912471725077067e-07,2.980581000634396625e-09,1.885311990401275754e-17,5.755604551225042404e-13,3.639361380774613828e-19,1.545373850328922666e-26,3.244788220690631887e-15,2.431404610517508201e-14,1.612194340343144872e-12,4.381331650932536852e-14,7.506253841597655407e-01,0.000000000000000000e+00,9.108644561938713531e-37,5.340030081136589560e-35,3.071530340653754889e-26,0.000000000000000000e+00
1.673437499999999925e-02,-1.542984259999999885e-01,9.041253380000000561e+00,1.331140540000000101e+03,2.558365590000000189e-01,2.134661833492736832e-02,1.602879490777303975e-02,3.897891576283019504e+02,4.592712533333143199e+01,6.924897160054473792e-06,4.892469520038485717e-07,6.940949960054600457e-05,1.426899220011224600e-01,2.620630510020615029e-04,6.351787660049965090e-02,1.041548380008193196e-05,8.894970440069971158e-07,0.000000000000000000e+00,4.456487500035055995e-25,8.238439910064806261e-22,8.911257890070097994e-24,1.822686100014338209e-21,1.833013360014419286e-21,1.782036330014018254e-04,4.219108430033189500e-02,1.877561390014769540e-12,4.322259020034001018e-15,2.774760950021827585e-21,2.689894470021160015e-22,2.354899470018524946e-21,5.275855980041501962e-29,9.497567550074712390e-25,2.389063320018793522e-26,1.109040130008724098e-23,0.000000000000000000e+00,0.000000000000000000e+00,1.207484860009498511e-24,5.666197740044572746e-23,9.454321380074371589e-26,2.229464340017537678e-13,4.259784080033508512e-12,1.012126640007961865e-13,3.054095410024024627e-13,1.270431380009993637e-11,1.001499390007878166e-04,2.094330470016475001e-06,7.856900990061805131e-07,2.802445580022045328e-09,1.360447210010701750e-17,5.348041500042069644e-13,3.327040580026171777e-19,8.862088490069712816e-27,3.030867070023842155e-15,2.257254340017756465e-14,1.489257490011714968e-12,3.791562360029826193e-14,7.509696890059074370e-01,0.000000000000000000e+00,2.070688120016288655e-36,1.387511660010914706e-34,4.803889060037789671e-26,0.000000000000000000e+00
1.678125000000000103e-02,-1.521455919999999962e-01,8.974356959999999717e+00,1.306203130000000101e+03,2.608905939999999757e-01,2.069222154510698755e-02,1.562444741100249904e-02,3.783996698479372185e+02,4.625028266666801358e+01,6.340888893051362362e-06,3.974258151912492318e-07,5.979655382877529520e-05,1.454678410700020186e-01,2.264255471089604999e-04,6.201837902984447953e-02,1.045508880503119708e-05,9.764867184699048520e-07,5.342546062570939139e-25,2.361642891136470100e-25,5.455359752625227990e-22,5.514273722653578472e-24,1.298142130624691956e-21,1.459602540702390035e-21,1.652257870795099297e-04,4.063327361955353795e-02,1.449907690697724451e-12,3.657427551760027171e-15,1.987703860956522879e-21,2.193934271055765092e-22,1.922448940925120834e-21,5.497659592645583825e-29,1.312717150631705550e-24,3.085152711484637312e-26,1.768700180851133711e-23,0.000000000000000000e+00,0.000000000000000000e+00,7.966551973833664080e-25,5.466689842630680004e-23,1.086780820522980824e-25,1.503516970723522287e-13,3.334100071604435443e-12,7.950828083826096611e-14,2.613815691257820230e-13,9.916858304772191192e-12,9.678436574657457421e-05,2.435812331172161548e-06,7.603206103658814509e-07,2.624981671263193678e-09,9.807553324719589350e-18,4.999626762405920446e-13,3.064785781474835965e-19,5.022399402416878762e-27,2.843382451368292671e-15,2.107395471014120762e-14,1.382974150665514751e-12,3.291813321584086511e-14,7.513109053615457666e-01,0.000000000000000000e+00,4.324476302081023714e-36,3.275090481576038513e-34,7.406615143564211948e-26,1.661201800799403756e-27
1.682812499999999933e-02,-1.499776100000000112e-01,8.907190710000000067e+00,1.281296540000000050e+03,2.661345330000000065e-01,2.004745624398255460e-02,1.522308446963134727e-02,3.670821159534479534e+02,4.652949333333172177e+01,5.843272274920510126e-06,3.210839682703788011e-07,5.129253934319248556e-05,1.482037241247995962e-01,1.948863181641101200e-04,6.052552535096741154e-02,1.045756130880611647e-05,1.075536650905689428e-06,6.030868385078481021e-26,1.236459431041199477e-25,3.586122493019806326e-22,3.380726132846845845e-24,9.237853617779022976e-22,1.181742630995123377e-21,1.537903831295039827e-04,3.910699253293126870e-02,1.116459200940149345e-12,3.119612402626967343e-15,1.426311141201070058e-21,1.804307981519373883e-22,1.571994361323747303e-21,5.540649634665677107e-29,1.772360441492471353e-24,3.838294823232156277e-26,2.737077372304841593e-23,5.629708044740671837e-28,0.000000000000000000e+00,5.480331314614884716e-25,5.636805764746649141e-23,1.225464801031940957e-25,1.012023890852206494e-13,2.608432942196512710e-12,6.281073015289173898e-14,2.253754691897844560e-13,7.685586286471888864e-12,9.343709887868163007e-05,2.830507912383517621e-06,7.345944956185882299e-07,2.448611802061930112e-09,7.056835635942428878e-18,4.697831673955956041e-13,2.842104872393283391e-19,2.809558902365877031e-27,2.677336902254535281e-15,1.976942641664746393e-14,1.290110361086377666e-12,2.864877912412460207e-14,7.516490866329496034e-01,0.000000000000000000e+00,8.498961627156815814e-36,7.233721626091381110e-34,1.118530890941894145e-25,7.043674285931346366e-27
1.687500000000000111e-02,-1.477965400000000040e-01,8.839771660000000253e+00,1.256440000000000055e+03,2.715751670000000062e-01,1.941240627943770225e-02,1.482486358545453443e-02,3.558461324045979950e+02,4.676576000000182631e+01,5.419647359708429680e-06,2.579466959861227773e-07,4.380975779764308386e-05,1.508972079918819154e-01,1.671280969910087064e-04,5.904002159682372047e-02,1.041769999943954055e-05,1.186371379936174722e-06,0.000000000000000000e+00,6.390791169656183895e-26,2.337845709874226877e-22,2.051618269889625497e-24,6.568577629646618981e-22,9.723559449476883269e-22,1.436651319922709958e-04,3.761250739797649539e-02,8.568587949539020658e-13,2.677565499855950314e-15,1.023167939944955036e-21,1.493691589919641391e-22,1.287477389930735555e-21,5.411729579708856330e-29,2.342225709873991101e-24,4.608948259752044533e-26,4.116121889778558291e-23,1.490338029919821702e-27,0.000000000000000000e+00,3.977643149786007768e-25,6.120593849670719947e-23,1.356156709927040365e-25,6.804994769633900790e-14,2.041426449890174090e-12,4.997310299731150887e-14,1.958745569894622154e-13,5.912115519681934973e-12,9.010687119515236275e-05,3.280550309823510458e-06,7.086953479618730876e-07,2.273880299877668365e-09,5.063717379727578751e-18,4.432898889761515720e-13,2.650976519857380623e-19,1.551030649916556535e-27,2.528735889863957088e-15,1.862036689899824826e-14,1.208109209935005351e-12,2.497489419865637964e-14,7.519842799595440885e-01,0.000000000000000000e+00,1.587153079914613187e-35,1.508498189918844783e-33,1.650895459911183814e-25,1.335363909928159030e-26
1.692187499999999942e-02,-1.456043949999999976e-01,8.772117720000000674e+00,1.231652070000000094e+03,2.772195989999999832e-01,1.878715094178684888e-02,1.442993433658132200e-02,3.447027861439672733e+02,4.696010666666457212e+01,5.059044633334609978e-06,2.060178391357942679e-07,3.726145382456045203e-05,1.535479821012093460e-01,1.428332840941468952e-04,5.756254283794167564e-02,1.033058160680928261e-05,1.307095710861556863e-06,5.763781813799130118e-25,3.256097862146219134e-26,1.510012300995307149e-22,1.231360220811636579e-24,4.668701933077320191e-22,8.127045585356846867e-22,1.346513010887538187e-04,3.615002732382786854e-02,6.551504434318346951e-13,2.308159111521396138e-15,7.321450964825848537e-22,1.242366680818891502e-22,1.056363660696289838e-21,5.131739243382526468e-29,3.034642752000248793e-24,5.351077503527100747e-26,6.023553963970355924e-23,2.643529671742451608e-27,0.000000000000000000e+00,3.061205162017757693e-25,6.863563164524037327e-23,1.474265080971744738e-25,4.575296043015752544e-14,1.599309301054165938e-12,4.009861262643053034e-14,1.716346841131309959e-13,4.512879502974611525e-12,8.679372385720907068e-05,3.785848482495397524e-06,6.827799224500463512e-07,2.101457241385150754e-09,3.621054482386775741e-18,4.197212672766543355e-13,2.485245621638120422e-19,8.434455575559472956e-28,2.394380901578228165e-15,1.759618241159832040e-14,1.134945110748085718e-12,2.179352161436494694e-14,7.523165344958806511e-01,0.000000000000000000e+00,2.830888531865946692e-35,2.982960281966183140e-33,2.380752991569245662e-25,2.061902861359079335e-26
1.696875000000000119e-02,-1.434031400000000123e-01,8.704247770000000273e+00,1.206950620000000072e+03,2.830752559999999973e-01,1.817176342857427032e-02,1.403843866410279737e-02,3.336595597611794801e+02,4.711336533333517451e+01,4.751829188784828092e-06,1.635535789581748810e-07,3.156268689192856346e-05,1.561557889600667104e-01,1.216876399688811679e-04,5.609373378565530449e-02,1.019202339739362135e-05,1.433991959633289163e-06,0.000000000000000000e+00,1.633709229582216335e-26,9.654409557531104320e-23,7.304199118132117739e-25,3.319894019151012907e-22,6.896051908236491549e-22,1.265795949676301309e-04,3.471971129112122467e-02,4.988158628724392054e-13,1.994447899489965413e-15,5.214180268666592365e-22,1.036139209735031019e-22,8.687563247778353261e-22,4.731672698789982492e-29,3.859856379012929213e-24,6.017875348461065865e-26,8.589352457803469444e-23,4.043308848966015380e-27,0.000000000000000000e+00,2.485078809364498195e-25,7.806442328003680912e-23,1.576179959596927943e-25,3.078675639212698910e-14,1.254832199679105291e-12,3.249092979169118568e-14,1.516404409612214035e-13,3.417368829126085681e-12,8.349925747864695910e-05,4.343659118889208150e-06,6.569800498319922524e-07,1.932134809505900772e-09,2.579065689340462285e-18,3.984823688980971755e-13,2.340179149401552290e-19,4.495926438850269016e-28,2.271709049419062479e-15,1.667257159573637165e-14,1.069011479726624675e-12,1.902412499513501223e-14,7.526458928075279164e-01,0.000000000000000000e+00,4.840243788762217629e-35,5.611106398565087285e-33,3.356474489141658288e-25,2.872382949265453830e-26
1.701562499999999950e-02,-1.411947010000000058e-01,8.636181600000000458e+00,1.182352920000000040e+03,2.891498940000000184e-01,1.756631372747771355e-02,1.365051142454433777e-02,3.227242169040210911e+02,4.722647466666528260e+01,4.489601002326311187e-06,1.290376980668615881e-07,2.663108191379903646e-05,1.587204060822418328e-01,1.033838110535688652e-04,5.463421062830900454e-02,9.999024655181047862e-06,1.561805530809257784e-06,0.000000000000000000e+00,8.065898224179387341e-27,6.104954313163314361e-23,4.279941772217675138e-25,2.365335601225611632e-22,5.936451843076003654e-22,1.193064180618192522e-04,3.332167481726579922e-02,3.780209191958735379e-13,1.724179130893392571e-15,3.687775171910840421e-22,8.648183604481101673e-23,7.167448073713851467e-22,4.248115992201184193e-29,4.825163052500183781e-24,6.567751893403116172e-26,1.195054990619223957e-22,5.677901552942034652e-27,0.000000000000000000e+00,2.099228681087726333e-25,8.882227234602372838e-23,1.659411520859832939e-25,2.075073481075210489e-14,9.862658275110388339e-13,2.661283121378958008e-14,1.350669800699856822e-13,2.566504391329847981e-12,8.022677334156992743e-05,4.948351412564014103e-06,6.314050073271657948e-07,1.766812000915483010e-09,1.828804820947604736e-18,3.791086211964370957e-13,2.212137651146230489e-19,2.379618041233011607e-28,2.158667641118525149e-15,1.583022890820251600e-14,1.009033380522835869e-12,1.660309980860298293e-14,7.529723993901566992e-01,0.000000000000000000e+00,7.959356444124182223e-35,1.006933310521747865e-32,4.630429912399282406e-25,3.740208821938009152e-26
1.706250000000000128e-02,-1.389809599999999867e-01,8.567939920000000598e+00,1.157875610000000052e+03,2.954515979999999820e-01,1.697086816818689850e-02,1.326628072955977553e-02,3.119026598375158414e+02,4.730020266666787165e+01,4.265091763510400793e-06,1.011584270832588508e-07,2.238747411842609980e-05,1.612416421327105831e-01,8.762463847211981896e-05,5.318456214377376839e-02,9.750114268024871983e-06,1.684478251386416763e-06,1.245568601025170274e-24,3.944039313246157178e-27,3.815122293140052216e-23,2.476711722038467422e-25,1.692209831392780189e-22,5.180166994263557248e-22,1.127104790927668115e-04,3.195599522630150624e-02,2.850292202345944724e-13,1.488629341225222681e-15,2.585001622127595816e-22,7.210960295935009765e-23,5.939301384888366588e-22,3.718682003060676658e-29,5.934188044884157265e-24,6.969385235736181111e-26,1.624474351337030397e-22,7.496735536170219536e-27,0.000000000000000000e+00,1.814789961493670357e-25,1.001631390824396719e-22,1.722615001417805323e-25,1.401984241153908795e-14,7.764805346390854328e-13,2.205224041815018615e-14,1.212471310997929554e-13,1.911145671572976099e-12,7.698127126335974318e-05,5.591416544602038230e-06,6.061440654988893585e-07,1.606465741322208073e-09,1.290696871062313143e-18,3.612377912973182256e-13,2.098331211727040135e-19,1.233516681015250821e-28,2.053614891690236412e-15,1.505384401239012563e-14,9.539989707851926595e-13,1.447964431191752952e-14,7.532960966200034081e-01,0.000000000000000000e+00,1.262987671039506895e-34,1.728717081422827632e-32,6.256647975149560358e-25,4.625998103807446514e-26
1.710937499999999958e-02,-1.367637630000000104e-01,8.499544430000000261e+00,1.133534789999999930e+03,3.019887949999999766e-01,1.638549094245677490e-02,1.288586846020625502e-02,3.012003959599742302e+02,4.733527466666485850e+01,4.072059821777416356e-06,7.878687713438975095e-08,1.875646240818702563e-05,1.637193250714619741e-01,7.412617063235540102e-05,5.174535142258637060e-02,9.445580324122908740e-06,1.796097070783980035e-06,0.000000000000000000e+00,1.878396520819903022e-27,2.354467231027703228e-23,1.415626350617908167e-25,1.219340940532231129e-22,4.577403911997995320e-22,1.066897440465691021e-04,3.062271751336653747e-02,2.137473500932987767e-13,1.281683450559443117e-15,1.792746210782517303e-22,5.997165312617707001e-23,4.950806152160981358e-22,3.178071721387199318e-29,7.186426823136809633e-24,7.204915193144878964e-26,2.160295330942948884e-22,9.410915774107778508e-27,0.000000000000000000e+00,1.581849770690462861e-25,1.112935020485786008e-22,1.765514090770630748e-25,9.500074494146697587e-15,6.121194162671844623e-13,1.849468180807276219e-14,1.096433680478583229e-13,1.410733090615772225e-12,7.376929473219962896e-05,6.261742842733193300e-06,5.812691202537186083e-07,1.452110150633832634e-09,9.064875243956734161e-19,3.445881401504095521e-13,1.996638590871514317e-19,6.274563512738789483e-29,1.955240830853444597e-15,1.433132010625548979e-14,9.031052913941971738e-13,1.261266670550531402e-14,7.536170273289469757e-01,0.000000000000000000e+00,1.940697010847096520e-34,2.847246481242796604e-32,8.286890413617152440e-25,5.482451672393040517e-26
1.715625000000000136e-02,-1.345449220000000112e-01,8.431017759999999583e+00,1.109345980000000054e+03,3.087702440000000270e-01,1.581024435347110763e-02,1.250939056631102803e-02,2.906219909779973705e+02,4.733235200000204657e+01,3.905184803147545025e-06,6.095701684913082251e-08,1.566687781262736794e-05,1.661532961339181047e-01,6.262029815047141389e-05,5.031711704055515794e-02,9.087594007324520344e-06,1.891761781524743683e-06,1.172728960945209440e-25,9.148109477373295147e-28,1.434037501155821595e-23,7.997839166446188452e-26,8.883914497160358387e-23,4.091390883297625027e-22,1.011587050815330313e-04,2.932185792363316279e-02,1.593725311284528707e-13,1.099099760885864858e-15,1.228357750990045544e-22,4.968602694004651036e-23,4.158822653351974683e-22,2.655201522140069188e-29,8.577141166913100613e-24,7.270861105860251085e-26,2.814257492268266964e-22,1.130221740910948862e-26,2.148622681731771028e-27,1.374875581108137726e-25,1.214222060978652420e-22,1.788747161441714721e-25,6.458369135205389622e-15,4.828700853891890537e-13,1.570118981265502249e-14,9.982415028045738938e-14,1.032060600831831979e-12,7.059862975690189043e-05,6.946140825598528352e-06,5.568372364488058940e-07,1.304747571051615184e-09,6.335153875106078281e-19,3.289412472651237746e-13,1.905473981535795525e-19,3.186064182567940218e-29,1.862503601501161612e-15,1.365315231100432029e-14,8.557151686896989685e-13,1.096848180884050066e-14,7.539352346076652056e-01,0.000000000000000000e+00,2.898501032336166261e-34,4.511254693636031457e-32,1.076403480867571631e-24,6.260957525046277597e-26
1.720312499999999967e-02,-1.323262179999999955e-01,8.362383539999999726e+00,1.085324239999999918e+03,3.158050459999999782e-01,1.524518961689907970e-02,1.213695771208232570e-02,2.801713255547505810e+02,4.729205333333118233e+01,3.759963832738238432e-06,4.684711273411696219e-08,1.305217270950540015e-05,1.685434021227437407e-01,5.285691793849367964e-05,4.890037553561227962e-02,8.680239936321487487e-06,1.968149331433327828e-06,0.000000000000000000e+00,4.070808242964614986e-28,8.615550996274377038e-24,4.473470123257858230e-26,6.575423184788630145e-23,3.694749042690745055e-22,9.604596596994661572e-05,2.805340852043022859e-02,1.181192590860217541e-13,9.379241976830544802e-16,8.306682336049440578e-23,4.096887882983607702e-23,3.527571162568995755e-22,2.171599691581493579e-29,1.009762170735371365e-23,7.176888175226654928e-26,3.596115482618913885e-22,1.303963490949627037e-26,9.539703226947403496e-27,1.183003170861536163e-25,1.298238090945457360e-22,1.793666891306259214e-25,4.405254873208179223e-15,3.808357472773481315e-13,1.349077970982482036e-14,9.144409396659524412e-14,7.481740355448666751e-13,6.747788774914157751e-05,7.630066485556687297e-06,5.328930323880857633e-07,1.165316120848655201e-09,4.405830103208598235e-19,3.141284342287677562e-13,1.823690381328124219e-19,1.541059181122294815e-29,1.774577851292357617e-15,1.301192630947609053e-14,8.113227995908554069e-13,9.519107476932405347e-15,7.542507615492920481e-01,0.000000000000000000e+00,4.224161133076295182e-34,6.894666365021122436e-32,1.371104300998522979e-24,6.918446795038441568e-26
1.725000000000000144e-02,-1.301094030000000124e-01,8.293666319999999814e+00,1.061484120000000075e+03,3.231026260000000039e-01,1.469038747975819591e-02,1.176867570120581664e-02,2.698522151980361627e+02,4.721478400000174958e+01,3.632611464361657060e-06,3.576259064293995067e-08,1.085072941302841203e-05,1.708894892051860959e-01,4.460556155355765946e-05,4.749562325702774701e-02,8.229446359881051977e-06,2.023696922429841958e-06,1.170649521405592623e-24,1.725349042071617318e-28,5.103755926128052311e-24,2.484496352983121615e-26,4.969257815966561554e-23,3.366950504042679474e-22,9.129210140961393452e-05,2.681733973219943903e-02,8.700646770446821068e-14,7.960309689557901076e-16,5.540512116652464102e-23,3.360143124034505962e-23,3.027289793634850385e-22,1.741046492090465139e-29,1.173577511409108340e-23,6.942972778336390460e-26,4.513157995418924089e-22,1.449970341740971744e-26,1.920213022305589742e-26,1.003530981204934361e-25,1.359062431631818889e-22,1.782123912139786760e-25,3.014593513619606323e-15,3.000029413602119166e-13,1.172667971408016287e-14,8.422750190113151341e-14,5.373899246452411501e-13,6.441601847734397795e-05,8.298463789963921882e-06,5.094708506117189177e-07,1.034638751242285353e-09,3.049384743661380192e-19,3.000199903602323930e-13,1.750511672101829967e-19,6.153095137387987935e-30,1.690812842030150143e-15,1.240190881489090588e-14,7.695262509239661057e-13,8.241012179894940075e-15,7.545636529060004705e-01,0.000000000000000000e+00,6.031098477241506787e-34,1.019097681223625371e-31,1.711345772054803537e-24,7.422965668912715095e-26
1.729687499999999975e-02,-1.278962100000000102e-01,8.224891680000000704e+00,1.037839760000000069e+03,3.306727329999999965e-01,1.414589827128629948e-02,1.140464621554143111e-02,2.596674897864594413e+02,4.710097066666502741e+01,3.519964938223776199e-06,2.712027328631472699e-08,9.006084535455402567e-06,1.731913999126051817e-01,3.765644138099802818e-05,4.610333947673560251e-02,7.742793466092876762e-06,2.058455678961274203e-06,0.000000000000000000e+00,6.944659496495627059e-29,2.980494308496000352e-24,1.376828289305232994e-26,3.853087098055677350e-23,3.092511998439474915e-22,8.684779315617538562e-05,2.561360338707501308e-02,6.369096586786063051e-14,6.717749656610128427e-16,3.644135498161117916e-23,2.740671908617017855e-23,2.633218308671240804e-22,1.370224299308565297e-29,1.347693529319934821e-23,6.595731986671700063e-26,5.569904637189348160e-22,1.558498229213559896e-26,3.144802678413088702e-26,8.376470085773115317e-26,1.392727709297210080e-22,1.756259959113766414e-25,2.069173878955865823e-15,2.358010198810114604e-13,1.030562349479963621e-14,7.795476136066293304e-14,3.824288128070210174e-13,6.142180696900567650e-05,8.936632255490448937e-06,4.865966627544564724e-07,9.133779315390965901e-10,2.100917678939847160e-19,2.865166238554196199e-13,1.685486889149479422e-19,3.469573858249203637e-30,1.610698039187219136e-15,1.181871049403611277e-14,7.300054536316289774e-13,7.114197016410076304e-15,7.548739526190799687e-01,0.000000000000000000e+00,8.470088755725873958e-34,1.460527739262997315e-31,2.089457088945630154e-24,7.756892396085762505e-26
1.734375000000000153e-02,-1.256883520000000032e-01,8.156086150000000146e+00,1.014404919999999947e+03,3.385254129999999972e-01,1.361178290489160891e-02,1.104496744926256047e-02,2.496203045711764332e+02,4.695082666666849036e+01,3.419396298434497565e-06,2.043396649064471675e-08,7.467062706581354364e-06,1.754489669196742097e-01,3.182090708543143612e-05,4.472398917952401937e-02,7.229183546690262810e-06,2.073737269050580710e-06,0.000000000000000000e+00,3.710955838301013037e-29,1.715895309214411394e-24,7.671545796487736735e-27,3.076874318591314523e-23,2.859694668690746043e-22,8.267220736215018023e-05,2.444213478880965726e-02,4.633631677878584695e-14,5.637450267419005757e-16,2.363975568917701342e-23,2.223408068982057358e-23,2.324801448935635900e-22,1.060026369514688212e-29,1.530477699299301390e-23,6.164674677177626580e-26,6.767991436901409712e-22,1.622041789257380774e-26,4.508177067936021576e-26,6.877490116851278926e-26,1.397675739360101934e-22,1.718328709213297735e-25,1.424145399347983504e-15,1.847464819154175362e-13,9.149602115811039560e-15,7.245119176682967678e-14,2.696568758765430069e-13,5.850340867321538444e-05,9.531027535636410085e-06,4.642897237874342117e-07,8.020001806328202557e-10,1.441021299340257116e-19,2.735426758747639884e-13,1.628462389254441020e-19,1.799863589175968704e-30,1.533835109297764487e-15,1.125900689484528907e-14,6.925046836829506352e-13,6.121505057197391430e-15,7.551817066542551027e-01,0.000000000000000000e+00,1.174769129462155345e-33,2.034481849068553222e-31,2.488733158860583327e-24,7.917507686375128207e-26
1.739062499999999983e-02,-1.234875319999999971e-01,8.087277240000000589e+00,9.911930210000000443e+02,3.466709920000000111e-01,1.308810260426142638e-02,1.068973473895764095e-02,2.397139934289497489e+02,4.676467199999805047e+01,3.328732379393206488e-06,1.530136389721071822e-08,6.187811228872025435e-06,1.776620129676140525e-01,2.693132919509069531e-05,4.335802589209627328e-02,6.698380368778953563e-06,2.071683959622353164e-06,1.024199449813298986e-25,3.830634239301714918e-29,9.742148938224105847e-25,4.345334619207890063e-27,2.535097719537877850e-23,2.659557149515189645e-22,7.873159498564803282e-05,2.330285429575212550e-02,3.350897639389165624e-14,4.706065229142132145e-16,1.513379879724126401e-23,1.794966639672795977e-23,2.085037879619919002e-22,8.071520958528644812e-30,1.720221539686421242e-23,5.678964708964783120e-26,8.106232178522316590e-22,1.640410869700970000e-26,6.048670458897389976e-26,5.559120148986629599e-26,1.374939329749362699e-22,1.670554099695475099e-25,9.826326748208761805e-16,1.441637129737204259e-13,8.199568478505303743e-15,6.757795258768123356e-14,1.884291089656512932e-13,5.566796458985230216e-05,1.006991809816435842e-05,4.425639539193251511e-07,7.007532868722598691e-10,9.842103038205886344e-20,2.610407519524149331e-13,1.579571299712060469e-19,1.481575179729924105e-30,1.459914909733872641e-15,1.072030799804579789e-14,6.568186418802687385e-13,5.248119859043322147e-15,7.554869608622825083e-01,0.000000000000000000e+00,1.616321799705361124e-33,2.760917429496713322e-31,2.881665659474701902e-24,7.916100208556976977e-26
1.743750000000000161e-02,-1.212954380000000054e-01,8.018493469999999235e+00,9.682171250000000100e+02,3.551200609999999869e-01,1.257491875923464307e-02,1.033904138592015715e-02,2.299511007861399605e+02,4.654310400000177594e+01,3.246183198342862183e-06,1.139223669418439889e-08,5.127731887382354267e-06,1.798303509081987384e-01,2.284046958834021280e-05,4.200589537855649314e-02,6.160456506855160354e-06,2.054861778951017315e-06,4.832807307532909637e-26,0.000000000000000000e+00,5.459299417213093061e-25,2.537828668704468706e-27,2.154056228900379946e-23,2.485259848731304441e-22,7.499809726171436427e-05,2.219566868866937673e-02,2.409553408769951490e-14,3.910189188003895148e-16,9.570148315114552000e-24,1.443130879263298838e-23,1.899931919030107419e-22,6.056774236908089097e-30,1.915219949022303092e-23,5.165027187363315564e-26,9.580823245109103544e-22,1.617230979174422861e-26,7.792012296022270581e-26,4.431572227737735476e-26,1.327954299322095251e-22,1.615028649175547255e-25,6.795773466530838379e-16,1.119722939428394846e-13,7.410673196216940608e-15,6.322467946772455852e-14,1.305229069333695981e-13,5.292132967298428893e-05,1.054384829461749021e-05,4.214290867848654957e-07,6.096584276887765921e-10,6.694405646582585216e-20,2.489675008729050294e-13,1.539212149214250361e-19,5.062495597415656014e-31,1.388698729291085903e-15,1.020076899479262866e-14,6.227814756820775035e-13,4.481151597712426005e-15,7.557897586141782975e-01,0.000000000000000000e+00,2.232132848860522506e-33,3.658102918132582255e-31,3.231486178350364721e-24,7.774053046031438808e-26
1.748437499999999992e-02,-1.191137300000000010e-01,7.949764309999999945e+00,9.454898480000000518e+02,3.638834970000000002e-01,1.207229382492066606e-02,9.992979178053489411e-03,2.203349503899976867e+02,4.628633599999819381e+01,3.170279048255038415e-06,8.437857185355697000e-09,4.251309357660026091e-06,1.819537798998503431e-01,1.942041728931075516e-05,4.066803807761579931e-02,5.625211706903812800e-06,2.025933618884900540e-06,0.000000000000000000e+00,5.611116296911571398e-30,3.023971938335568179e-25,1.552004889145756980e-27,1.882583878963802065e-23,2.331549438716686137e-22,7.144873016067372845e-05,2.112047188837502462e-02,1.723655759051277913e-14,3.236108378218805361e-16,5.985486176705513025e-24,1.156662979363358115e-23,1.758019269032364127e-22,4.483939637531983836e-30,2.113834658836518603e-23,4.645094657443281465e-26,1.118565189384327689e-21,1.558917339141952488e-26,9.754608884630940627e-26,3.492647418077603294e-26,1.261971109305395231e-22,1.553648929144851964e-25,4.710741057407148814e-16,8.653011295237272803e-14,6.748687156285438724e-15,5.930355346735858089e-14,8.966341375064813344e-14,5.026792277233189916e-05,1.094588729397524669e-05,4.008915947793442121e-07,5.285176607090972398e-10,4.535190097503773764e-20,2.372902998693924658e-13,1.508087629169929544e-19,2.370427188695286837e-31,1.320003009273453981e-15,9.699036364661527976e-15,5.902581876751144133e-13,3.809314417903305888e-15,7.560901445838384971e-01,0.000000000000000000e+00,3.363199148148852595e-33,4.741837817390032597e-31,3.498664608074290989e-24,7.518789895861563867e-26
1.753125000000000169e-02,-1.169440580000000035e-01,7.881120240000000443e+00,9.230234609999999975e+02,3.729724039999999796e-01,1.158029056655845816e-02,9.651639183441858977e-03,2.108691596523444787e+02,4.599451733333518177e+01,3.099815930154547441e-06,6.221585660310189752e-09,3.527843870175887688e-06,1.840320890091753092e-01,1.656119200082569251e-05,3.934489270196162014e-02,5.101633980254351726e-06,1.987430920099087348e-06,0.000000000000000000e+00,5.597220700279061121e-30,1.659685640082746982e-25,1.006315380050171980e-27,1.685359370084027015e-23,2.194374560109405329e-22,6.806453000339349928e-05,2.007714580100098886e-02,1.227345770061191790e-14,2.669936100133115018e-16,3.708015100184870500e-24,9.252666790461309897e-24,1.649952640082261656e-22,3.278223890163442949e-30,2.314539680115395940e-23,4.136607960206238956e-26,1.291266540064378795e-21,1.473491880073464006e-26,1.194562050059557382e-25,2.729309680136074829e-26,1.183156540058988640e-22,1.488082270074191453e-25,3.273443010163203931e-16,6.652130710331654629e-14,6.187332450308482336e-15,5.574455280277925643e-14,6.111917500304722395e-14,4.771069520237871244e-05,1.127167330056197262e-05,3.809554210189932886e-07,4.569351680227814104e-10,3.060563190152590318e-20,2.259846890112669230e-13,1.487203840074147595e-19,4.582840860228486618e-32,1.253687000062505012e-15,9.214124470459389903e-15,5.591379340278769654e-13,3.222654030160672112e-15,7.563881600377112546e-01,0.000000000000000000e+00,8.415471300419569758e-33,6.024859400300381410e-31,3.651283130182041741e-24,7.180166710357982172e-26
1.757812500000000000e-02,-1.147880649999999947e-01,7.812592669999999906e+00,9.008299620000000232e+02,3.823980559999999862e-01,1.109897177621431419e-02,9.315112201790530858e-03,2.015572297781152429e+02,4.566754133333496668e+01,3.033809041737560869e-06,4.570541452617697694e-09,2.931102651678737840e-06,1.860650591065655113e-01,1.416912130811511623e-05,3.803689852178496894e-02,4.597467742633119549e-06,1.941618081112027749e-06,1.280215620733221100e-24,0.000000000000000000e+00,9.059915035188908570e-26,6.952235473981770525e-28,1.538120930880931906e-23,2.070598021185898772e-22,6.482983773713015311e-05,1.906555991091946761e-02,8.705657934986013417e-15,2.197952761258839083e-16,2.279134721305334396e-24,7.396460184236193488e-24,1.568140550898125149e-22,2.368886801356738824e-30,2.515949571440966375e-23,3.652270672091774745e-26,1.475226130844910164e-21,1.369407910784304387e-26,1.436839140822924663e-25,2.121088341214816361e-26,1.097609770628636761e-22,1.419757320813141207e-25,2.280967191306384502e-16,5.087799012913947957e-14,5.706301793268184590e-15,5.249167123006368576e-14,4.136823102369293352e-14,4.525119902591683848e-05,1.151928340659746838e-05,3.616225492071130156e-07,3.943502712258572155e-10,2.056546761177851211e-20,2.150323651231560211e-13,1.477917890846451807e-19,0.000000000000000000e+00,1.189642760681347088e-15,8.745318005008728198e-15,5.293288643031638451e-13,2.712312291553429698e-15,7.566838424333774960e-01,0.000000000000000000e+00,1.149284270658232373e-32,7.516421174304899981e-31,3.674623482104576341e-24,6.787618123887490298e-26
1.762499999999999831e-02,-1.126473989999999953e-01,7.744213969999999669e+00,8.789211520000000064e+02,3.921718180000000054e-01,1.062840043600028934e-02,8.983489405899828389e-03,1.924031880006386359e+02,4.530508799999809355e+01,2.971453410544685414e-06,3.348263310613756678e-09,2.438910830447067126e-06,1.880524630344711512e-01,1.216509680222993625e-05,3.674449830673548467e-02,4.118930800755025252e-06,1.890430720346527305e-06,0.000000000000000000e+00,1.650546370302555011e-30,4.947347550906878699e-26,5.095492460934033662e-28,1.424274810261078133e-23,1.957780390358873006e-22,6.173170541131579501e-05,1.808557170331519595e-02,6.156118421128454305e-15,1.807003710331234904e-16,1.392347350255225672e-24,5.915713411084385962e-24,1.506435890276138864e-22,1.693090520310353753e-30,2.716833050498011833e-23,3.200531490586677171e-26,1.669367000306005136e-21,1.254581740229972538e-26,1.702151330312014622e-25,1.643980860301351734e-26,1.010561390185242059e-22,1.349871450247439665e-25,1.594514490292284039e-16,3.872640070709878001e-14,5.289793490969651730e-15,4.949992290907363766e-14,2.782354240510022365e-14,4.288973110786194984e-05,1.168897500214265896e-05,3.428934480628544331e-07,3.400779540623383714e-10,1.376747750252366027e-20,2.044196600374713595e-13,1.482022600271663746e-19,2.340284950428988565e-31,1.127787300206730293e-15,8.292096381519992816e-15,5.007541470917913286e-13,2.270337540416166901e-15,7.569772251387584250e-01,0.000000000000000000e+00,1.536663910281679847e-32,9.222186701690482519e-31,3.574810330655284138e-24,6.368164601167323077e-26
1.767187500000000008e-02,-1.105237230000000043e-01,7.676017449999999798e+00,8.573087020000000393e+02,4.023050519999999963e-01,1.016863913318422595e-02,8.656862848440721736e-03,1.834105936387030624e+02,4.490666666666849238e+01,2.912091159872690681e-06,2.448274729892967836e-09,2.032705969911135114e-06,1.899940689916939374e-01,1.048280239954171712e-05,3.546814079844941986e-02,3.670593809839530718e-06,1.835465969919758084e-06,6.102796109733201368e-25,6.398105929720291255e-30,2.725463959880850083e-26,3.918815679828679316e-28,1.332514319941745702e-23,1.854016699918947164e-22,5.875940559743118814e-05,1.713702629925081128e-02,4.343611929810108597e-15,1.484852179935086175e-16,8.469099279629751950e-25,4.739137589792816828e-24,1.459871589936178183e-22,1.197535389947646739e-30,2.916115399872514594e-23,2.786289189878190513e-26,1.872530689918138114e-21,1.135750649950347925e-26,1.989966419913003978e-25,1.273817419944312006e-26,9.259342959595204302e-23,1.279408579944067659e-25,1.118867299951085958e-16,2.934958789871690600e-14,4.925428829784672784e-15,4.673298189795695400e-14,1.861048599918639720e-14,4.062552309822395531e-05,1.178284589948488298e-05,3.247673979858019810e-07,2.933522649871753748e-10,9.173189169598971782e-21,1.941363669915128389e-13,1.501898949934340733e-19,0.000000000000000000e+00,1.068056259953307448e-15,7.854076309656641084e-15,4.733489249793063311e-13,1.889511829917395492e-15,7.572683349668941633e-01,0.000000000000000000e+00,2.075828999909250000e-32,1.114417739951280499e-30,3.374900399852457860e-24,5.945245619740089185e-26
1.771874999999999839e-02,-1.084187229999999946e-01,7.608037359999999971e+00,8.360042079999999487e+02,4.128090119999999752e-01,9.719750621043885680e-03,8.335325926937661375e-03,1.745847280489903994e+02,4.447172266666497364e+01,2.855184360865262169e-06,1.788480510541998317e-09,1.697080610514299549e-06,1.918896390581520672e-01,9.066992512747748526e-06,3.420828291036680235e-02,3.255409590986550762e-06,1.778004670538823452e-06,0.000000000000000000e+00,4.284966471298557601e-30,1.532518260464429129e-26,3.121822100946067181e-28,1.255162980380376612e-23,1.757813020532704471e-22,5.590402751694169297e-05,1.621975640491539125e-02,3.060504640927484953e-15,1.220431980369851600e-16,5.137683361556972634e-25,3.806319331153503334e-24,1.424440120431676040e-22,8.385986832541370985e-31,3.112872910943354627e-23,2.411661090730853200e-26,2.083508280631406487e-21,1.018162560308553801e-26,2.299429650696841456e-25,9.885511502995800061e-27,8.462806882564649950e-23,1.209162810366436394e-25,7.885804442389789631e-17,2.216059960671575875e-14,4.603450581395073871e-15,4.416133011338307737e-14,1.238905690375449904e-14,3.845695181165436027e-05,1.180446060357733738e-05,3.072427340931097873e-07,2.533682720767831542e-10,6.086959861844651103e-21,1.841748490558141087e-13,1.540760860466926913e-19,1.573370460476809499e-31,1.010399090306201267e-15,7.430968882251952091e-15,4.470579761354806898e-13,1.563237610473738754e-15,7.575571942295773464e-01,0.000000000000000000e+00,2.854649130865100408e-32,1.328088800402476733e-30,3.106359920941380907e-24,5.538253891678366466e-26
1.776562500000000017e-02,-1.063341109999999951e-01,7.540308849999999730e+00,8.150192429999999604e+02,4.236947099999999744e-01,9.281795702363863920e-03,8.018973703029041653e-03,1.659296705141281336e+02,4.399942400000148979e+01,2.800292809346777581e-06,1.306335289695272005e-09,1.419334959668912699e-06,1.937389389548066221e-01,7.871877078163733201e-06,3.296539149231018928e-02,2.874860269329383133e-06,1.719050189598998012e-06,0.000000000000000000e+00,0.000000000000000000e+00,8.924685727918144667e-27,2.546646859405945500e-28,1.187028589723102679e-23,1.667992759610908168e-22,5.315814638759983144e-05,1.533358109642314442e-02,2.155060569497290749e-15,1.003983229765801428e-16,3.113173119273792055e-25,3.067121029284534383e-24,1.396912699674143222e-22,5.815839108643342907e-31,3.306322399228736202e-23,2.076709939515567288e-26,2.301066789463231740e-21,9.055436027887644586e-27,2.629421219386636869e-25,7.693954828205236800e-27,7.729796398196875069e-23,1.139764039734127939e-25,5.586223308696904216e-17,1.668197329610860534e-14,4.316127368993179851e-15,4.176081089025848221e-14,8.214056958083912631e-15,3.638174809151325221e-05,1.175848009725710527e-05,2.903170259322778960e-07,2.193191099488395400e-10,4.023029099061550839e-21,1.745293599592876370e-13,1.602964219626077511e-19,0.000000000000000000e+00,9.547751877772800568e-16,7.022548238361855403e-15,4.218339049015990844e-13,1.285426869700149272e-15,7.578438128232182214e-01,0.000000000000000000e+00,4.032427759059357856e-32,1.562750209635458144e-30,2.800586859346708598e-24,5.162598538795723957e-26
1.781249999999999847e-02,-1.042716379999999998e-01,7.472867950000000370e+00,7.943654000000000224e+02,4.349727669999999824e-01,8.854834602737537627e-03,7.707903399564903189e-03,1.574506215078020546e+02,4.348889599999844080e+01,2.747055869684253364e-06,9.547336238902629564e-10,1.189057069863329851e-06,1.955417329775244184e-01,6.859650629211550816e-06,3.173994559635180679e-02,2.529180979709295647e-06,1.659373089809271422e-06,0.000000000000000000e+00,0.000000000000000000e+00,5.465005039371852019e-27,2.109041279757586596e-28,1.124612159870737044e-23,1.583625479817977943e-22,5.051555399419374039e-05,1.447830599833586224e-02,1.517481999825580480e-15,8.270813569049351992e-17,1.886811379783129824e-25,2.480716489714865999e-24,1.374693349841992631e-22,3.995346889540774353e-31,3.495808169598191273e-23,1.780071729795398559e-26,2.523971069709895062e-21,8.002451839080196905e-27,2.978605119657639092e-25,6.010861729309111568e-27,7.065441329187898378e-23,1.071703389876818466e-25,3.979907249542548949e-17,1.252890049855992853e-14,4.057307709533653114e-15,3.951150239545854785e-14,5.427108219376208507e-15,3.439718959604638510e-05,1.165032069866091227e-05,2.739872059685079070e-07,1.904259289781124432e-10,2.638997549696673696e-21,1.651955389810124028e-13,1.694212119805266978e-19,0.000000000000000000e+00,9.011510678964216016e-16,6.628629119238105471e-15,3.976357199542957702e-13,1.050447869879261613e-15,7.581281929128607100e-01,0.000000000000000000e+00,5.915618279320057887e-32,1.817617009791082788e-30,2.483515009714544694e-24,4.830111459444826929e-26
1.785937500000000025e-02,-1.022330959999999955e-01,7.405751579999999556e+00,7.740543179999999666e+02,4.466532380000000080e-01,8.438925455041790605e-03,7.402214532218783644e-03,1.491524323455548711e+02,4.293922133333475699e+01,2.695177750384567372e-06,6.985732690996774783e-10,9.977424671423650510e-07,1.972977910281518699e-01,5.999186240856007414e-06,3.053243740435658896e-02,2.217618850316425819e-06,1.599554830228235937e-06,0.000000000000000000e+00,0.000000000000000000e+00,3.559351280507873809e-27,1.762829810251533268e-28,1.065682090152059256e-23,1.503972510214597566e-22,4.797103760684485579e-05,1.365372190194821117e-02,1.069034110152537683e-15,6.825837690973959296e-17,1.145086570163389182e-25,2.014410270287430134e-24,1.355702510193441330e-22,2.719098650387980757e-31,3.680788060525201883e-23,1.519463150216808001e-26,2.751001400392532986e-21,7.032148891003398256e-27,3.328196060474890973e-25,4.716090190672925934e-27,6.469233650923076930e-23,1.005356760143451606e-25,2.853360530407137510e-17,9.394627301340492273e-15,3.822082940545362656e-15,3.739684380533604821e-14,3.574857970510086379e-15,3.250026570463736649e-05,1.148585910163888581e-05,2.582496490368489213e-07,1.659598120236803547e-10,1.721560480245644655e-21,1.561700140222834551e-13,1.821290550259874942e-19,0.000000000000000000e+00,8.494981371212125002e-16,6.249051000891659603e-15,3.744277100534260748e-13,8.530865631217245030e-16,7.584103241082154057e-01,0.000000000000000000e+00,9.068659141293981750e-32,2.091631980298449301e-30,2.173727700310162933e-24,4.549630590649174553e-26
1.790624999999999856e-02,-1.002203200000000016e-01,7.338997449999999922e+00,7.540977040000000216e+02,4.587454140000000180e-01,8.034124570360196699e-03,7.102009130430671745e-03,1.410408010977828042e+02,4.234932906666509211e+01,2.644415650111878502e-06,5.119383130216588394e-10,8.384597000354731331e-07,1.990068880084194802e-01,5.264899510222745423e-06,2.934337340124144530e-02,1.938692810082021304e-06,1.540027140065154682e-06,0.000000000000000000e+00,0.000000000000000000e+00,2.473620580104652684e-27,1.481246930062667814e-28,1.008705040042675706e-23,1.428445310060434019e-22,4.552020030192584780e-05,1.285960410054405763e-02,7.536975690318870633e-16,5.645221740238834134e-17,6.965420630294689842e-26,1.642346760069483584e-24,1.338283690056619257e-22,1.754359200074222716e-31,3.860819700163341516e-23,1.292070240054664241e-26,2.980967510126117442e-21,6.149938050260188823e-27,3.673935080155435064e-25,3.717027920157258369e-27,5.937441720251198516e-23,9.410058890398116722e-26,2.059515350087132766e-17,7.037439710297736890e-15,3.606529540152582992e-15,3.540295790149781344e-14,2.348268800099349550e-15,3.068781430129832629e-05,1.127119030047685640e-05,2.431002320102849330e-07,1.452559140061454134e-10,1.124958850047594312e-21,1.474501130062382276e-13,1.990893010084229647e-19,1.169906080049495739e-32,7.997910460338371577e-16,5.883667000248923640e-15,3.521785220148998239e-13,6.885176460291295210e-16,7.586901850320982854e-01,0.000000000000000000e+00,1.443471640061069806e-31,2.383497770100839790e-30,1.882941010079662266e-24,4.327668560183093291e-26
1.795312500000000033e-02,-9.823519520000000005e-02,7.272644099999999945e+00,7.345073419999999942e+02,4.712575960000000008e-01,7.640485075406600914e-03,6.807391993082436039e-03,1.331208809747354280e+02,4.171818026666805679e+01,2.594570150353533381e-06,3.758391630512114556e-10,7.055634830961393593e-07,2.006688100273429365e-01,4.635777390631666435e-06,2.817327580383886462e-02,1.690430080230336425e-06,1.481105490201813757e-06,8.983937101224141586e-25,3.389580020461860724e-30,1.823123810248417346e-27,1.247927930170041422e-28,9.527034911298144105e-24,1.356573480184845381e-22,4.315931460588084799e-05,1.209571120164814988e-02,5.318650430724713376e-16,4.679662630637645705e-17,4.250191650579127035e-26,1.344270950183168951e-24,1.321131250180016135e-22,0.000000000000000000e+00,4.035547700549879512e-23,1.094832630149180779e-26,3.212719530437762444e-21,5.355875740729786549e-27,4.011518720546605424e-25,2.942907240400997532e-27,5.464794900744627422e-23,8.788565741197521306e-26,1.496995540203978804e-17,5.269018190717951091e-15,3.407509460464303930e-15,3.351812730456714324e-14,1.538462740209629388e-15,2.895662780394560136e-05,1.101243630150054404e-05,2.285343670311398772e-07,1.277208340174031073e-10,7.245808260987306270e-22,1.390336370189445863e-13,2.207382520300775596e-19,3.676577030500966816e-32,7.520064541024676019e-16,5.532336290753830905e-15,3.308603950450827082e-13,5.522954310752552354e-16,7.589677381034161119e-01,0.000000000000000000e+00,2.342812100319229242e-31,2.691708510366769456e-30,1.617502580220399142e-24,4.168982160568061139e-26
1.799999999999999864e-02,-9.627965550000000539e-02,7.206730780000000003e+00,7.152950859999999693e+02,4.841968440000000151e-01,7.258057346459364720e-03,6.518470651764704006e-03,1.253986516919460712e+02,4.104471679999854672e+01,2.545477519368546471e-06,2.764359589314248960e-10,5.944536818525346294e-07,2.022833529498198335e-01,4.094559778984267678e-06,2.702268259329651881e-02,1.470566449635198585e-06,1.423016459646994112e-06,2.446676619393055978e-28,0.000000000000000000e+00,1.407584489650822434e-27,1.052222099738976696e-28,8.971093637774552824e-24,1.287979979680492337e-22,4.088520188985766138e-05,1.136178429718149793e-02,3.756565079068113899e-16,3.888784379035313984e-17,2.603366639354186473e-26,1.104388199726035916e-24,1.303233779676708506e-22,0.000000000000000000e+00,4.204725188956939500e-23,9.246443207706248564e-27,3.445156309145365335e-21,4.646444048847362884e-27,4.336709648924198784e-25,2.317261719425160140e-27,5.045540768748359523e-23,8.190540037968183179e-26,1.095806829728164559e-17,3.944110559021590025e-15,3.222513389200595336e-15,3.173238859212819048e-14,1.005214239750637956e-15,2.730353239322685116e-05,1.071560309734179310e-05,2.145470179467776190e-07,1.128346869720092396e-10,4.657023028844738336e-22,1.309186889675231534e-13,2.470014509387267009e-19,2.121341159473761561e-31,7.061220928248332406e-16,5.194918728711304052e-15,3.104485189229874354e-13,4.403725418907573789e-16,7.592429328116556686e-01,0.000000000000000000e+00,3.798910419057609537e-31,3.014580329252177014e-30,1.380010739657662623e-24,4.077070258988606600e-26
1.804687500000000042e-02,-9.435568440000000057e-02,7.141297409999999957e+00,6.964728479999999990e+02,4.975686959999999770e-01,6.886887475117359041e-03,6.235355395112689679e-03,1.178797745735479907e+02,4.032792746666803652e+01,2.497003522357243607e-06,2.036577831922588149e-10,5.013760844733135830e-07,2.038503291924405880e-01,3.627057603424046731e-06,2.589214792444293270e-02,1.276707811205249056e-06,1.365919591289467518e-06,2.108987741990945380e-25,1.223190331154727101e-30,1.122198741059387955e-27,8.867968288371618514e-29,8.416831407945732974e-24,1.222361931153944902e-22,3.869513383652932383e-05,1.065754561006103038e-02,2.654769642506179158e-16,3.239730563058398728e-17,1.601714991512065083e-26,9.103716578594171825e-25,1.283829161211971898e-22,2.052003881937150951e-29,4.206687883971235006e-23,7.784731717349010590e-27,3.677231793471413004e-21,4.015768283791001073e-27,4.645434254385424436e-25,1.860922071756764246e-27,4.674002034412392525e-23,7.556882697133916465e-26,8.074132937622213785e-18,2.951427682786233388e-15,3.049536212878850194e-15,3.003721792835600577e-14,6.548277946181763684e-16,2.572544362428555944e-05,1.038647700980513481e-05,2.011327031898751007e-07,1.001495050945440199e-10,2.954155482788808248e-22,1.231035351162132987e-13,2.770796992615712115e-19,0.000000000000000000e+00,6.621160706250567155e-16,4.871271174598621020e-15,2.909204722746373447e-13,3.490794493295410965e-16,7.595157007170048047e-01,0.000000000000000000e+00,6.064231525724809743e-31,3.350280483162761624e-30,1.170651471105128565e-24,4.054588193827648471e-26
1.809374999999999872e-02,-9.246531280000000463e-02,7.076384520000000400e+00,6.780525679999999511e+02,5.113768629999999593e-01,6.527017237008407233e-03,5.958159169737630399e-03,1.070783126718286553e+02,3.917945920000006765e+01,2.449038371320311582e-06,1.500854510809132176e-10,4.232597762281853565e-07,2.053695681107176874e-01,3.221589851736805082e-06,2.478224201336046151e-02,1.106465300596511338e-06,1.309924400706198836e-06,0.000000000000000000e+00,8.882650984788764125e-33,9.129479034921832353e-28,7.463628644023749180e-29,7.864651284239945395e-24,1.159475560625089690e-22,3.658675061972444252e-05,9.982696955381814563e-03,1.874471071010554359e-16,2.705881821458779243e-17,9.895790745334962794e-27,7.526122454057440531e-25,1.262368840680561095e-22,3.833083802066470203e-32,4.009373982161510789e-23,6.534688163522944496e-27,3.907959672106837791e-21,3.456660021863535585e-27,4.933864912659917164e-25,1.471787530793461850e-27,4.344905112342400846e-23,7.034331683792309837e-26,5.977476373222542833e-18,2.205369771188946526e-15,2.886976831556410738e-15,2.842528531532447359e-14,4.246922842289577244e-16,2.421940411305702621e-05,1.003055320540761398e-05,1.882854911015073986e-07,8.928597044813534237e-11,1.867811581006963824e-22,1.155865030623143267e-13,3.094254771668157106e-19,1.316833430709923813e-33,6.199663303342327377e-16,4.561244772459033140e-15,2.722557421467769643e-13,2.751351361483292972e-16,7.597859574096114121e-01,0.000000000000000000e+00,9.462341895101284032e-31,3.696855131993027312e-30,9.882619675327861895e-25,4.103682002212353808e-26
1.818749999999999881e-02,-8.879223849999999529e-02,6.948231970000000146e+00,6.424538629999999557e+02,5.403156329999999619e-01,5.841044211858275811e-03,5.421884090425680910e-03,9.367046299256958264e+01,3.753718506666663046e+01,2.354395492077813123e-06,8.280750877307971003e-11,3.041225952683958256e-07,2.082654031837994357e-01,2.566890812265345418e-06,2.262639021996835920e-02,8.293056377318830084e-07,1.201447991060308077e-06,0.000000000000000000e+00,0.000000000000000000e+00,6.262177105526529137e-28,5.266536424647852205e-29,6.775505015979552174e-24,1.041254210918933093e-22,3.260680132877632331e-05,8.718973257694712445e-03,9.456372738345485753e-17,1.914278881689399194e-17,3.923972533463004924e-27,5.239954934624392618e-25,1.212345911069925791e-22,1.075619900949261705e-32,3.637816163210464371e-23,4.579264864041316513e-27,4.362523823850037709e-21,2.559169552258531725e-27,5.440675044801532623e-25,9.416872748310626629e-28,3.797818813351670940e-23,6.060769845348781679e-26,3.393939662995236876e-18,1.244084741097936043e-15,2.589194212285029293e-15,2.543084642244336187e-14,1.788699061578572032e-16,2.141294861889746483e-05,9.255350978168078638e-06,1.642488761449537582e-07,7.202644866356515372e-11,7.300901646443229608e-23,1.014314980895158444e-13,3.747258673307049681e-19,7.002205146179621510e-34,5.410890294775247609e-16,3.981007883513339522e-15,2.374221512095310084e-13,1.697150881497778465e-16,7.603185376710002163e-01,0.000000000000000000e+00,2.076367311832446445e-30,4.415255123896573811e-30,6.983903456163470779e-25,4.416802393897939448e-26
1.828124999999999889e-02,-8.527312739999999558e-02,6.822574829999999757e+00,6.085639240000000427e+02,5.710243350000000495e-01,5.199454173887909335e-03,4.910112187206607318e-03,8.113556022255001210e+01,3.571727679999992233e+01,2.260906578591019530e-06,4.583103717143843831e-11,2.192941018633375380e-07,2.109737798685226984e-01,2.061615758715216064e-06,2.055832698718820448e-02,6.182609676147043491e-07,1.097779739315871907e-06,0.000000000000000000e+00,0.000000000000000000e+00,4.359925657282926755e-28,3.676141157709056029e-29,5.734584856426248763e-24,9.318240544192942020e-23,2.892407998197472389e-05,7.565271025285378974e-03,4.755576877036359406e-17,1.366300029148531745e-17,1.615465578993253720e-27,3.677022737708506521e-25,1.151743829282241700e-22,3.654834427722334205e-33,3.294205837947075804e-23,3.174700648021550045e-27,4.802004697007425947e-21,1.871422318833743397e-27,5.833085576364865009e-25,6.157241646162852369e-28,3.367129057901630257e-23,5.181090146771183501e-26,1.959816308778656910e-18,6.975028605653213627e-16,2.320427878553926558e-15,2.269765648585498831e-14,7.409876695382219153e-17,1.885654018824874339e-05,8.431679314745439200e-06,1.423316239112999732e-07,5.874368176339137210e-11,2.756938798281896333e-23,8.841265234490189116e-14,4.231468807362980049e-19,2.139269078666823275e-34,4.691372287076371565e-16,3.451671857848943942e-15,2.057276018717920668e-13,1.027885399359429478e-16,7.608400095258501805e-01,0.000000000000000000e+00,4.249545777351715044e-30,5.151667696789518638e-30,4.869579606965314988e-25,5.028343436866374003e-26
1.837499999999999897e-02,-8.192463269999999964e-02,6.699735429999999603e+00,5.764698210000000245e+02,6.034484589999999926e-01,4.602333788300334849e-03,4.423765942269961352e-03,6.951672528705947229e+01,3.371969279999991187e+01,2.168254659109699677e-06,2.546745098954288838e-11,1.586880659348415926e-07,2.134943509123377603e-01,1.666421049315755945e-06,1.858283149236976059e-02,4.590118748115265443e-07,9.989509965898239761e-07,1.036772769574294010e-25,3.329886148632726407e-33,3.040982288751351637e-28,2.539487238957269297e-29,4.779956068037317436e-24,8.304509436590110695e-23,2.552773148951813573e-05,6.518549087323438629e-03,2.383870149021166382e-17,9.829862205963791238e-18,7.057931457101964519e-28,2.597318838933523073e-25,1.081112939556087578e-22,1.208265629503877783e-33,2.977565108777391550e-23,2.179705549104998020e-27,5.221134327856166460e-21,1.356294429443096083e-27,6.095769707497035049e-25,4.114067278310735340e-28,3.029755048755961808e-23,4.393008248196200469e-26,1.146603679529196455e-18,3.879910138406882233e-16,2.076241249147481335e-15,2.019557029170756128e-14,3.022348368759002375e-17,1.653261639321159176e-05,7.589599416883658373e-06,1.224726879497118598e-07,4.820376998020720038e-11,1.004675159587473458e-23,7.651282716858330777e-14,4.443270098175562825e-19,2.727132948880220361e-34,4.039104658341515841e-16,2.971787888779763626e-15,1.770474679273030868e-13,6.134281417481221066e-17,7.613490446873848461e-01,0.000000000000000000e+00,8.240482856616401313e-30,5.889662097581664785e-30,3.359245638620670956e-25,5.955808787554503192e-26
1.846874999999999906e-02,-7.876341150000000513e-02,6.580032319999999935e+00,5.462527149999999665e+02,6.374731810000000554e-01,4.049619194977841993e-03,3.963763261379009938e-03,5.885312881029754806e+01,3.154938986666667589e+01,2.076270658678853709e-06,1.420382949096200065e-11,1.152796739266467144e-07,2.158273988626674689e-01,1.353672299138648546e-06,1.670474888937064847e-02,3.397894247837895257e-07,9.049142344241965097e-07,0.000000000000000000e+00,1.551122299013009662e-33,2.119340068651448439e-28,1.740360578892596067e-29,3.940199207492822288e-24,7.366487775312650986e-23,2.240836238574139594e-05,5.575341266452369868e-03,1.189645149243020131e-17,7.121497105468539948e-18,3.349074887868959336e-28,1.843161118827183345e-25,1.002136259362333495e-22,3.877827577532510173e-34,2.687490448289930122e-23,1.483896119055786289e-27,5.615670456426708890e-21,9.773583823780997143e-28,6.221001936041531016e-25,2.808051508213216386e-28,2.767675758238907801e-23,3.692945517650152600e-26,6.759973295698579550e-19,2.135377228641244191e-16,1.853730658820457831e-15,1.790181878860894210e-14,1.214329139227313421e-17,1.442574169082079530e-05,6.753779215702521630e-06,1.046026209334406030e-07,3.962854517478406794e-11,3.534208107751158242e-24,6.571057775818788092e-14,4.381463047212043189e-19,1.569645749001223076e-33,3.451835857803571973e-16,2.539713088383962270e-15,1.512583979037531906e-13,3.620950527695962567e-17,7.618440285152331404e-01,0.000000000000000000e+00,1.532423169024908342e-29,6.612863915792187091e-30,2.298594168537387931e-25,7.221572245404861822e-26
1.856249999999999914e-02,-7.580565620000000171e-02,6.463773119999999928e+00,5.179844379999999546e+02,6.729125329999999794e-01,3.541060531973141707e-03,3.530985999372931138e-03,4.917734543752309406e+01,2.921748480000001891e+01,1.984900069376469701e-06,7.951123967502259660e-12,8.412863777357211427e-08,2.179739879315263640e-01,1.103697629653288023e-06,1.492885729531029902e-02,2.511355439211090916e-07,8.156136027437857446e-07,1.125837069646333313e-26,6.293072318023114541e-34,1.477641209535818642e-28,1.187138699627076016e-29,3.227428818986145795e-24,6.500874247957837636e-23,1.955727709385633988e-05,4.731714458513593992e-03,5.905319788144921937e-18,5.190029388369621006e-18,1.753169619449264945e-28,1.310617409588287108e-25,9.171382377118931887e-23,1.214981509618329637e-34,2.423728799238617977e-23,1.003153609684872714e-27,5.982379578120715334e-21,7.025022117793182307e-28,6.208562168049663523e-25,1.956339899385441863e-28,2.566557019193750176e-23,3.076547549033543281e-26,3.995978158744716263e-19,1.160577029635420152e-16,1.650886659481396037e-15,1.579925849503687269e-14,4.813548598487887385e-18,1.252223129606630761e-05,5.943886678132807271e-06,8.864287837215401289e-08,3.253821018977855407e-11,1.202485059622255211e-24,5.597905098241492624e-14,4.109700408708992227e-19,0.000000000000000000e+00,2.927030389080512391e-16,2.153589019323478936e-15,1.282330029597172995e-13,2.122363929333287348e-17,7.623230887605263462e-01,0.000000000000000000e+00,2.749938039136143209e-29,7.305396897705106168e-30,1.564191299508629913e-25,8.853633387218748440e-26
1.865624999999999922e-02,-7.306651699999999749e-02,6.351245809999999992e+00,4.917236209999999801e+02,7.095015150000000270e-01,3.076182718653081710e-03,3.126238394111516793e-03,4.051163549300272138e+01,2.674209706666657738e+01,1.894179399605412486e-06,4.470022939068823207e-12,6.173446588713974036e-08,2.199361309541838227e-01,9.022858838120395375e-07,1.325968769723779792e-02,1.855876239613391596e-07,7.310258378477157502e-07,0.000000000000000000e+00,0.000000000000000000e+00,1.033146749784779027e-28,8.088564498315024053e-30,2.639316849450188586e-24,5.705283188811499173e-23,1.696587299646574057e-05,3.983234499170229016e-03,2.915394489392677263e-18,3.801129619208164862e-18,1.010542789789487985e-28,9.311858128060193506e-26,8.287045978273677015e-23,3.737687119221380566e-35,2.185937169544634828e-23,6.746754748594544065e-28,6.319001258683653146e-21,5.050552908947889578e-28,6.064984838736567991e-25,1.389481409710549127e-28,2.414774729496964209e-23,2.538910089471105124e-26,2.359394789508500879e-19,6.227027288702811407e-17,1.466199839694567524e-15,1.387496099710962623e-14,1.888144509606669363e-18,1.080972999774816250e-05,5.175055558921954440e-06,7.450526838447938250e-08,2.663288409445194802e-11,3.972442789172477418e-25,4.728505189014977543e-14,3.708598029227440083e-19,7.885039358357420902e-35,2.461842959487159301e-16,1.811325849622672198e-15,1.078360459775360464e-13,1.240135079741660159e-17,7.627841468410999637e-01,0.000000000000000000e+00,4.776511989004977676e-29,7.952215898343428262e-30,1.061551679778862017e-25,1.088530309773241858e-25
1.874999999999999931e-02,-7.055944540000000376e-02,6.242708689999999727e+00,4.675116380000000049e+02,7.468934050000000102e-01,2.654247121479046210e-03,2.750196632189118653e-03,3.286473487317439890e+01,2.414874026666674212e+01,1.804218621283602214e-06,2.526598631797535783e-12,4.560385983244463180e-08,2.217169521577393998e-01,7.390030045257599459e-07,1.170130090832482983e-02,1.373436250977124288e-07,6.511806884632792104e-07,2.535030161803534613e-26,1.808239341286462591e-34,7.263267605167413972e-29,5.524483283930365212e-30,2.164409021539857670e-24,4.977783673541419282e-23,1.462515341040499138e-05,3.324946612365515999e-03,1.432278351018987129e-18,2.795137461988585950e-18,6.294128284477926166e-29,6.594520144691637735e-26,7.394028535260444034e-23,1.137893350809548298e-35,1.973555581404075918e-23,4.524379053218846601e-28,6.624197814712752864e-21,3.639063382588993283e-28,5.802284324128006136e-25,1.004457230714616039e-28,2.302746561638277547e-23,2.074686541476025240e-26,1.388430010987791305e-19,3.303227822350064272e-17,1.298428990923760718e-15,1.211902340862201820e-14,7.361857575237555913e-19,9.276795996599929866e-06,4.458363293171880026e-06,6.209169514417481777e-08,2.171190281544682085e-11,1.281580590911774069e-25,3.958831172816490546e-14,3.247805792310635108e-19,9.966948417090935361e-35,2.053105321460671321e-16,1.510594361074704815e-15,8.992196886397452016e-14,7.252079475159454285e-18,7.632250005429925821e-01,0.000000000000000000e+00,8.044110095722941546e-29,8.539341196075270798e-30,7.206499805127028457e-26,1.335383180950051511e-25
1.884374999999999939e-02,-6.829550099999999457e-02,6.138379340000000184e+00,4.453687380000000076e+02,7.846645660000000078e-01,2.274214090778910961e-03,2.403351480681174736e-03,2.622763112544866360e+01,2.147002346666654304e+01,1.715186739448047366e-06,1.438062869537226813e-12,3.395538988907304224e-08,2.233208459281346148e-01,6.060502028049710865e-07,1.025702879669925481e-02,1.019499179671921938e-07,5.761648258145882751e-07,0.000000000000000000e+00,1.187420429617884164e-34,5.147845708343406630e-29,3.795561648778575674e-30,1.787082189424911015e-24,4.316561578610916948e-23,1.252534429596930429e-05,2.751377739114597380e-03,7.010762597743913598e-19,2.061992719336443865e-18,4.130391608670826585e-29,4.647847208504307844e-26,6.515850137903178285e-23,3.461946518885934231e-36,1.785750549425339698e-23,3.033097949023939072e-28,6.897490537780366410e-21,2.630360409153541233e-28,5.436322958250573953e-25,7.377160987626005638e-29,2.222479279284799164e-23,1.678159929459962969e-26,8.139136197380798925e-20,1.737996599440707132e-17,1.146471599631061763e-15,1.052354549661348917e-14,2.869740329076508492e-19,7.912520607453725851e-06,3.801296308776730569e-06,5.129432238349331918e-08,1.762560479432802323e-11,4.068711798690675958e-26,3.284104198943164042e-14,2.777428669106214538e-19,0.000000000000000000e+00,1.697328709453794137e-16,1.248828599598122973e-15,7.433369217607917034e-14,4.260178508629060136e-18,7.636434237542569781e-01,0.000000000000000000e+00,1.314933879576849899e-28,9.054014787086388084e-30,4.909263558420183513e-26,1.629792059475527805e-25
1.893749999999999947e-02,-6.628268630000000439e-02,6.038423540000000145e+00,4.252908080000000268e+02,8.223283850000000506e-01,1.934717191537906056e-03,2.085948947604854622e-03,2.057140875580594752e+01,1.874456533333333397e+01,1.627298929820191002e-06,8.256920819087648208e-13,2.551457409718075546e-08,2.247535859751657594e-01,4.974852649450302278e-07,8.929200659013364696e-03,7.602806509159924981e-08,5.061114389440769814e-07,0.000000000000000000e+00,3.006511089667794292e-35,3.687868839592507502e-29,2.632056119709169917e-30,1.490978789835253604e-24,3.719672959588993513e-23,1.065561399882260394e-05,2.256567979750659630e-03,3.425082399621544097e-19,1.524960319831498758e-18,2.793548899691325723e-29,3.259314019639860958e-26,5.672570429373207382e-23,1.064536429882373576e-36,1.621403859820842496e-23,2.038538369774750895e-28,7.139182559211153456e-21,1.905440779789457466e-28,4.985010799449178815e-25,5.494469129392886646e-29,2.167262429760527373e-23,1.343317929851569493e-26,4.758452739474212860e-20,9.113513158992998657e-18,1.009295839888477562e-15,9.081755458996507703e-15,1.126101379875570882e-19,6.706207779258995364e-06,3.208198969645508576e-06,4.199629669535960405e-08,1.425057669842537705e-11,1.282877169858248056e-26,2.698788079701796388e-14,2.329352199742617372e-19,0.000000000000000000e+00,1.390725409846331284e-16,1.023242169886936552e-15,6.090267369327054256e-14,2.522698619721253441e-18,7.640373009155774220e-01,0.000000000000000000e+00,2.087985649769286983e-28,9.484798078951972883e-30,3.366452819628023079e-26,1.975405479781726802e-25
1.903124999999999956e-02,-6.452538330000000266e-02,5.942945110000000142e+00,4.072472420000000284e+02,8.593586829999999566e-01,1.634048439197538938e-03,1.797934886380993290e-03,1.584597378601727691e+01,1.601513173333330187e+01,1.540803929091043010e-06,4.791542387173354699e-13,1.936967238857336560e-08,2.260223878666639818e-01,4.086905397589036543e-07,7.718880315446447621e-03,5.704367916634857358e-08,4.411778957397386200e-07,0.000000000000000000e+00,1.963980948841400445e-35,2.676591088421015344e-29,1.848283708909653191e-30,1.261010349256099687e-24,3.184871828121168149e-23,9.003905874688380518e-06,1.834136348917999194e-03,1.673629179012686301e-19,1.129964189333407126e-18,1.917288298868945714e-29,2.276734688656899827e-26,4.880038737121148452e-23,3.351980358022586946e-37,1.479131239127425279e-23,1.377688109187268909e-28,7.350267315663901973e-21,1.358177709198778474e-28,4.466544137365078794e-25,4.142897037556006291e-29,2.131459698742600961e-23,1.063947199372352247e-26,2.781740198358985032e-20,4.791403937173436703e-18,8.859075154773820231e-16,7.787284535406095900e-15,4.481708427356133676e-20,5.647132826668621516e-06,2.680710338418584660e-06,3.407311697989944926e-08,1.147908659322821298e-11,4.061496997604026152e-27,2.196633228704153742e-14,1.921581198866413174e-19,2.119482648749666484e-35,1.129252019333827269e-16,8.308603335098556482e-16,4.945021147082814131e-14,1.510334509109017583e-18,7.644047625490594244e-01,0.000000000000000000e+00,3.222475768098984482e-28,9.821651594205973331e-30,2.309694388637456092e-26,2.375170378598830489e-25
1.912499999999999964e-02,-6.302396470000000417e-02,5.851978019999999781e+00,3.911802880000000187e+02,8.952210400000000234e-01,1.370162806793397137e-03,1.538911579955795856e-03,1.198103001189495487e+01,1.332611733333335735e+01,1.455971240497032136e-06,2.815296410961071343e-13,1.486907970507593056e-08,2.271358900775385103e-01,3.360101931147054808e-07,6.625649772261830821e-03,4.311530071471848208e-08,3.815153371302398027e-07,5.750570681963101192e-27,2.271710090775504808e-35,1.967227390671562274e-29,1.318501460450103405e-30,1.084353570370170979e-24,2.709504400924957070e-23,7.556894292579734401e-06,1.477382520504341408e-03,8.198098552798625279e-20,8.385188182862493547e-19,1.304856240445445431e-29,1.588506340542276446e-26,4.149610951416572866e-23,1.092694770373018595e-37,1.357321830463355891e-23,9.389697443205408182e-29,7.532322812571346923e-21,7.055167342408457930e-29,3.897925101330653721e-25,3.157898071078027466e-29,2.110364780720425582e-23,8.337507192846215566e-27,1.632002470557124669e-20,2.542985710868111344e-18,7.753358792646802134e-16,6.633601332264546034e-15,1.822816580622263777e-20,4.724393291612789739e-06,2.218195660757236579e-06,2.739467200935185201e-08,9.215584183145969037e-12,1.303512520444986526e-27,1.770775770604498515e-14,1.562518240533404528e-19,5.432012281854351874e-35,9.086750293101987138e-17,6.685683612282325020e-16,3.978992891358327945e-14,9.163734643128268829e-19,7.647443192610644536e-01,0.000000000000000000e+00,4.835731471650797208e-28,1.005604810343288296e-29,0.000000000000000000e+00,2.830765170966352520e-25
1.921874999999999972e-02,-6.177464120000000086e-02,5.765481979999999673e+00,3.770061190000000124e+02,9.294084849999999509e-01,1.140704726102260112e-03,1.308113463598988262e-03,8.889330680873715806e+00,1.072071573333332140e+01,1.373078220571873248e-06,1.677362110698604434e-13,1.154776680480952952e-08,2.281040420950030401e-01,2.765036351151610362e-07,5.647472422352115690e-03,3.285933871368558120e-08,3.272355171362903022e-07,0.000000000000000000e+00,7.667903663193605565e-31,1.062102030442354905e-29,9.585725893992359728e-31,9.508181933960062419e-25,2.290465050953955796e-23,6.300070032623915750e-06,1.179421000491217035e-03,4.034574671680360373e-20,6.229892092594687618e-19,0.000000000000000000e+00,1.112493580463342450e-26,3.488245511452819564e-23,3.740538741557896592e-38,1.254191840522358257e-23,6.471126282695159586e-29,7.687392993201721740e-21,0.000000000000000000e+00,3.294073391371948565e-25,2.434808751014073529e-29,2.100200440874712365e-23,6.464831522692538267e-27,9.648891814018667023e-21,1.372083520571458980e-18,6.766292642818093432e-16,5.613617172338015312e-15,7.631103583178279111e-21,3.926857361635496906e-06,1.818176180757252119e-06,2.182786610909108615e-08,7.375896343071986764e-12,4.292830791787920442e-28,1.413890430588871124e-14,1.254302850522404671e-19,5.609385352336253057e-31,7.246561053018119816e-17,5.331743352220618328e-16,3.173126021321575004e-14,5.643703392350545089e-19,7.650549763186377250e-01,0.000000000000000000e+00,7.058001092939586766e-28,1.018117520424035744e-29,0.000000000000000000e+00,3.342003481391910818e-25
1.931249999999999981e-02,-6.076957410000000115e-02,5.683342370000000088e+00,3.646176140000000032e+02,9.614765549999999550e-01,9.430574608323268005e-04,1.104407778332122019e-03,6.472067677451820877e+00,8.238131200000010423e+00,1.292397269439553823e-06,1.014571879560032510e-13,9.074330906064929931e-09,2.289378959007214442e-01,2.277777009012245405e-07,4.780663727926872525e-03,2.526659338904318211e-08,2.783809788792804802e-07,6.340023497250659221e-26,5.541842587596789405e-26,0.000000000000000000e+00,7.123754766910794859e-31,8.528277326301725353e-25,1.924208979165569924e-23,5.217948617737244892e-06,9.333386505952591177e-04,1.998912459133174879e-20,4.634081107990437127e-19,0.000000000000000000e+00,7.918042906566352994e-27,2.898888658742901573e-23,1.358519029410880444e-38,1.167847099493564814e-23,4.519497728040126564e-29,7.817861086609796193e-21,0.000000000000000000e+00,2.667947938843048951e-25,7.533845966732959620e-29,2.106373449086574684e-23,4.960939117848696156e-27,5.771197387497329655e-21,7.574844856715179879e-19,5.888557087446436850e-16,4.719468267953410492e-15,3.308848078565123527e-21,3.243205818593588684e-06,1.476755649359607351e-06,1.723965359252405043e-08,5.886971077447124703e-12,1.548202329328624304e-28,1.118387239515013009e-14,9.951951815684352520e-20,0.000000000000000000e+00,5.728511827515839774e-17,4.214820958172249069e-16,2.508363318912252115e-14,3.531306538468654752e-19,7.653363136681131662e-01,0.000000000000000000e+00,1.002238889565380740e-27,1.019227139558013824e-29,0.000000000000000000e+00,3.906292158306042542e-25
1.940624999999999989e-02,-5.999724929999999956e-02,5.605374959999999795e+00,3.538886210000000005e+02,9.910724349999999738e-01,7.744107779100795671e-04,9.263222521640542169e-04,4.625247815498669368e+00,5.911250133333299850e+00,1.214184060896222210e-06,6.234480354601838298e-14,7.212848545323998785e-09,2.296493201695103681e-01,1.878709381386726230e-07,4.019981632967257329e-03,1.960577581447155294e-08,2.349038641733889214e-07,1.194553770881732741e-25,2.024424121494282411e-31,0.000000000000000000e+00,4.669070573446367670e-31,6.742523824976839694e-25,1.606813501186032494e-23,4.294380863169799247e-06,7.323618815405761630e-04,9.985559017370613103e-21,3.488698942575103035e-19,0.000000000000000000e+00,5.252052683876682501e-27,2.391215771765021233e-23,5.279650083897052527e-39,1.096349080809245085e-23,3.204429642365276307e-29,7.926323895850635135e-21,0.000000000000000000e+00,2.055473141517200458e-25,1.999550071475922253e-29,2.855240412107530374e-23,3.768644532781738570e-27,3.501108882584263556e-21,4.300384813174230761e-19,5.111061363772612520e-16,3.942467192910041672e-15,1.493161301102142747e-21,2.662052421964933143e-06,1.189035110877659178e-06,1.350021460996487514e-08,4.686388353459150216e-12,5.715315974218629610e-29,8.766339876470673778e-15,7.812148065766358601e-20,1.501763251108492216e-31,4.490147053314299022e-17,3.303679452438535284e-16,1.966093641451227038e-14,2.245529571657486161e-19,7.655885135651016027e-01,0.000000000000000000e+00,1.385099841022379900e-27,1.008710870744556926e-29,0.000000000000000000e+00,4.518717653335388514e-25
1.949999999999999997e-02,-5.944306960000000223e-02,5.531335050000000031e+00,3.446792260000000283e+02,1.017953899999999967e+00,6.318422117245308918e-04,7.720977365255340475e-04,3.246111919440787918e+00,3.765061333333389992e+00,1.138667340351307660e-06,3.893058431201107312e-14,5.795434251788038807e-09,2.302506570710381728e-01,1.551712680478742754e-07,3.358830691036284767e-03,1.534953040473572249e-08,1.966566550606735833e-07,2.420214290746697903e-26,4.273006871318331202e-35,1.094660330337730533e-28,3.551977061095875779e-31,6.184083671907946768e-25,1.334079780411597693e-23,3.512931931083828483e-06,5.700173181758648065e-04,5.036717121553955673e-21,2.634152200812702960e-19,3.545183301093779158e-28,3.659021441128901532e-27,1.953382510602668468e-23,2.207921690681199769e-39,1.037778970320181181e-23,2.308746610712307053e-29,8.015485472472982503e-21,0.000000000000000000e+00,1.576252240486313998e-25,1.540599850475314353e-29,2.796620150862828241e-23,2.835256040874748688e-27,2.153463150664398316e-21,2.517944730776849892e-19,4.424988721365221298e-16,3.273200951009866051e-15,7.035391392170597584e-22,2.172119150670153977e-06,9.495024092929456326e-07,1.048597140323518895e-08,3.721520851148184211e-12,1.954528190603021631e-29,6.811814442101618275e-15,6.072478601873514677e-20,1.369318350422469487e-35,3.490990311077059056e-17,2.568537950792458897e-16,1.528581240471606307e-14,1.451038600447682303e-19,7.658123382362725939e-01,0.000000000000000000e+00,1.863848110575044608e-27,9.866580683044092023e-30,6.095663161880667463e-23,5.167212321594216622e-25
1.959375000000000006e-02,-5.909009509999999660e-02,5.460930109999999615e+00,3.368414819999999850e+02,1.041995940000000065e+00,5.124054490801086686e-04,6.397598636382773735e-04,2.238945608318308800e+00,1.815937066666604816e+00,1.066041160095543472e-06,2.469934390221366639e-14,4.702560210421465321e-09,2.307543490206812598e-01,1.283544840115037078e-07,2.789556280250012760e-03,1.211871350108613498e-08,1.633953740146442419e-07,0.000000000000000000e+00,2.647932400237319259e-35,7.833459220702070023e-29,2.626113670235364343e-31,5.513482070494142888e-25,1.101645060098734564e-23,2.857287100256082994e-06,4.402708270394590367e-04,2.566692490230038996e-21,1.973367520176862262e-19,2.548658910228422341e-28,2.561643590229586221e-27,1.581756880141764529e-23,1.264397890113320953e-39,9.902947810887546724e-24,1.690819070151538890e-29,8.088085010724892003e-21,0.000000000000000000e+00,1.198590850107423240e-25,9.096771770815294534e-30,2.078933890186323430e-23,2.113452380189417259e-27,1.333828110119543784e-21,1.521272610136343225e-19,3.821848670342531602e-16,2.701739160242142187e-15,3.466500240310683731e-22,1.762437970157957608e-06,7.523808600674317776e-07,8.082160200724361025e-09,2.948463430264254661e-12,4.968270510445278997e-30,5.249680270470500794e-15,4.677841760419249484e-20,2.326776300208536098e-35,2.693396750241394346e-17,1.981698900177609012e-16,1.179335440105697405e-14,9.525493260853717983e-20,7.660090690686531811e-01,0.000000000000000000e+00,2.443561240219002921e-27,9.535302250854597393e-30,5.261881870471593569e-23,5.820988640521704012e-25
1.968750000000000014e-02,-5.891985100000000225e-02,5.393834520000000410e+00,3.302250099999999975e+02,1.063185389999999897e+00,4.132131285970940221e-04,5.272010583589432572e-04,1.518956139064548516e+00,7.179946666672573641e-02,9.964597471578408832e-07,1.591342050252071159e-14,3.848993820609686312e-09,2.311725890366181091e-01,1.063356910168437374e-07,2.303792280364924238e-03,9.641081561527162649e-09,1.347932890213514482e-07,1.407372560222929764e-26,0.000000000000000000e+00,2.020436940320040383e-29,1.862497270295022501e-31,4.714293760746751193e-25,9.051186461433720746e-24,2.311641510366167728e-06,3.376331810534816125e-04,1.321843660209382236e-21,1.474845220233617617e-19,8.116884361285727889e-29,1.769383260280273092e-27,1.270488360201247254e-23,2.101373540332860724e-35,9.521776191508263654e-24,1.258326240199320888e-29,8.146700641290450217e-21,0.000000000000000000e+00,9.040112701431968632e-26,4.348927850688877072e-30,1.242794380196860548e-23,1.561786950247389473e-27,8.131692611288072627e-22,9.467775271499709956e-20,3.293530670521700314e-16,2.217907040351320311e-15,1.786091310282919489e-22,1.422550290225334093e-06,5.919228840937614670e-07,6.184749490979674018e-09,2.330881720369215180e-12,2.916010940461900753e-30,4.014849020635958687e-15,3.573954580566119901e-20,0.000000000000000000e+00,2.063193440326812983e-17,1.518019190240456648e-16,9.033888961430981794e-15,6.349685411005800501e-20,7.661804021213641791e-01,0.000000000000000000e+00,3.123592010494781754e-27,9.102084741441784261e-30,1.474343310233538041e-23,6.351036631006014160e-25
1.978125000000000022e-02,-5.891311979999999671e-02,5.329704750000000324e+00,3.246820139999999810e+02,1.081605970000000028e+00,3.315118420680648989e-04,4.322636510573740873e-04,1.014596919386961282e+00,-1.467053866666714557e+00,9.300352382096911780e-07,1.040383490234571024e-14,3.173785190715580232e-09,2.315170040521991879e-01,8.822917531989266149e-08,1.892821780426766657e-03,7.721061391740836341e-09,1.104615710249053154e-07,2.069304050466557588e-25,0.000000000000000000e+00,6.768938081526165486e-31,1.224568960276098492e-31,3.728590890840670198e-25,7.402013801668900712e-24,1.861038070419600727e-06,2.572263120579957566e-04,6.873153691549661554e-22,1.137148820256388236e-19,0.000000000000000000e+00,1.239111220279377272e-27,1.013732840228562081e-23,1.770610060399211935e-30,9.218646562078489544e-24,9.513631362145000361e-30,8.192512951847133302e-21,7.886236591778077548e-26,6.765875431525473579e-26,0.000000000000000000e+00,1.119528810252415512e-23,1.144918280258140092e-27,4.546649511025113965e-22,6.048426621363713558e-20,2.832355020638599220e-16,1.811578270408448965e-15,9.610097342166749011e-23,1.142680570257635356e-06,4.626396011043094612e-07,4.701600891060050166e-09,1.838891790414607517e-12,3.297453660743463305e-30,3.048900180687423125e-15,2.710295710611079235e-20,5.596928861261916833e-27,1.570072470353997365e-17,1.155199470260457971e-16,6.874684171550007507e-15,4.295330380968450642e-20,7.663283371727809268e-01,0.000000000000000000e+00,3.896812480878597998e-27,8.580137371934528405e-30,2.978377600671522188e-25,6.335954911428542243e-25
1.987500000000000031e-02,-5.905065610000000131e-02,5.268193659999999667e+00,3.200713610000000244e+02,1.097417510000000096e+00,2.647385100529576997e-04,3.528159207082572232e-04,6.679282937171633350e-01,-2.806659200000003018e+00,8.668379146165402494e-07,6.895625056949609475e-15,2.633159738835179268e-09,2.317984168974602244e-01,7.331431896756822979e-08,1.547914079315255162e-03,6.217853797249432103e-09,8.997291116019903937e-08,0.000000000000000000e+00,5.554521167542867813e-31,8.104237166414960084e-30,9.037999846001894746e-32,3.310284018535642664e-25,6.027899107333461141e-24,1.491629309340153772e-06,1.948098709138226922e-04,3.627174348395461047e-22,8.775473316118028120e-20,0.000000000000000000e+00,8.800173096107100972e-28,8.022813606450978611e-24,1.588013799297516426e-25,8.979665186027700128e-24,7.308389606767015282e-30,8.228414956360029486e-21,0.000000000000000000e+00,5.029770537774999969e-26,5.589546297527373798e-30,9.580873115761746332e-24,8.330842176314717353e-28,1.715874839240955031e-22,3.931717778260741723e-20,2.431116338924556300e-16,1.472948739348417293e-15,5.386854257617037719e-23,9.138678885957357735e-07,3.594636658409854209e-07,3.552878298428327176e-09,1.448034589359438467e-12,1.828216069191259061e-30,2.300681848982256435e-15,2.041731099096807130e-20,0.000000000000000000e+00,1.187737359474585042e-17,8.738917746134197119e-17,5.200583457699438591e-15,2.945811888696872571e-20,7.664550516609461850e-01,0.000000000000000000e+00,4.737307667904375960e-27,7.986871656466878375e-30,7.821318276540112173e-24,6.622007507070648553e-25
1.996875000000000039e-02,-5.931378040000000185e-02,5.208962770000000297e+00,3.162616100000000188e+02,1.110832830000000104e+00,2.105607308487557447e-04,2.868152839697417074e-04,4.338018690298592328e-01,-3.957874133333331823e+00,8.068985059044454052e-07,4.628844229451843159e-15,2.195485369740006057e-09,2.320266759725228833e-01,6.100641579277547799e-08,1.260610989850715832e-03,5.029688879404373508e-09,7.288459629136884927e-08,0.000000000000000000e+00,0.000000000000000000e+00,0.000000000000000000e+00,6.296222809254387102e-32,2.777551699671076511e-25,4.890574179420847890e-24,1.190852339858976655e-06,1.467726919826188667e-04,1.914201709773316019e-22,6.839951539189998377e-20,0.000000000000000000e+00,6.175211109268717724e-28,6.423400839239327056e-24,1.291284279847083370e-30,7.013747209169416443e-24,5.681261709327212672e-30,8.256377959022263812e-21,2.190631039740580816e-25,3.712715579560332574e-26,0.000000000000000000e+00,8.211907899027528971e-24,6.031390109285749117e-28,0.000000000000000000e+00,2.625883809689037220e-20,2.083116159753312857e-16,1.192764369858750394e-15,3.136005889628627287e-23,7.280482649137829687e-07,2.778491739670964605e-07,2.670800849683718169e-09,1.138371839865191671e-12,0.000000000000000000e+00,1.726417389795554108e-15,1.529205009818908241e-20,0.000000000000000000e+00,8.938329958941503607e-18,6.576480819221198920e-17,3.913694259536532307e-15,2.045476779757770305e-20,7.665627929092219128e-01,0.000000000000000000e+00,5.641041789331975519e-27,7.343239899130397917e-30,8.980136828936552099e-25,6.917487129180816762e-25
2.006250000000000047e-02,-5.968483110000000202e-02,5.151691839999999800e+00,3.131329660000000104e+02,1.122095810000000027e+00,1.668988954571906430e-04,2.323556281182887796e-04,2.782359135144631401e-01,-4.934895999999961980e+00,7.502119667589735264e-07,3.143856418989948832e-15,1.837715809409582557e-09,2.322105619253958808e-01,5.083179268366886721e-08,1.022947359671349740e-03,4.082563468688363239e-09,5.875855358112217695e-08,2.351445999244532453e-26,0.000000000000000000e+00,0.000000000000000000e+00,1.703041429452850501e-32,2.791000349103313113e-25,3.955034908729334444e-24,9.475184476955832792e-07,1.100968149646283179e-04,1.043500269664746439e-22,5.459886038245859834e-20,2.418916299222855550e-28,4.625954708513783243e-28,5.220045078322914642e-24,1.353051539565294422e-25,6.018647498066341971e-24,4.461418488566645049e-30,8.278535767340289784e-21,6.043397578058390468e-27,2.725419099124383294e-26,2.457466429210470422e-30,5.890842008107402229e-24,4.345146258604001151e-28,0.000000000000000000e+00,1.741416189440521670e-20,1.782182879427424170e-16,9.624883876907738626e-16,1.889551849392928939e-23,5.780881308142730511e-07,2.138173139313052200e-07,1.998889999357800869e-09,8.937077097128714997e-13,3.483574748880804538e-31,1.289413209585740144e-15,1.139790729633810462e-20,1.139112329634028335e-30,6.697077677848376563e-18,4.927452458416917711e-17,2.932343919057903181e-15,1.435598769538773774e-20,7.666537867536911133e-01,0.000000000000000000e+00,6.535585907900260422e-27,6.672013437856429329e-30,1.171387729623658912e-22,7.615307497553369514e-25
2.015625000000000056e-02,-6.014747759999999888e-02,5.096085650000000022e+00,3.105782810000000040e+02,1.131462299999999921e+00,1.319315332917139923e-04,1.876984036227047619e-04,1.763981101392059214e-01,-5.753874133333312990e+00,6.967421464266549754e-07,2.158475691321758050e-15,1.542882210944794810e-09,2.323577651422858992e-01,4.240685232596813895e-08,8.276022755067880465e-04,3.322215862034382365e-09,4.717703762888918852e-08,6.804454784166755952e-26,0.000000000000000000e+00,0.000000000000000000e+00,5.392910053302386500e-32,3.482633422132614976e-25,3.189905751953361134e-24,7.518276584603869750e-07,8.230286805039874513e-05,5.562237093406075347e-23,3.882977192377768998e-20,0.000000000000000000e+00,4.146623942539214934e-28,4.210446042578295965e-24,1.348919240826020291e-31,4.466326872734986339e-24,3.534982412164671580e-30,8.295634615079891328e-21,1.021729800625663406e-25,1.992466721220101349e-26,2.629173871609993013e-31,2.223480071361563530e-24,3.116987821908709121e-28,0.000000000000000000e+00,1.212074660742222450e-20,1.522678350932422768e-16,7.744054854742127086e-16,1.174198970719029132e-23,4.577750222803217505e-07,1.639592421004015916e-07,1.490879800912950829e-09,7.009288854292187547e-13,4.478806212742628487e-31,9.594850295875472752e-16,8.463304955182564902e-21,0.000000000000000000e+00,5.000631113062171593e-18,3.679271562253028006e-17,2.189543581340782530e-15,1.016594690622519044e-20,7.667301634695126156e-01,0.000000000000000000e+00,7.458149264567051326e-27,5.995226433671219179e-30,0.000000000000000000e+00,8.159410574996473002e-25
2.025000000000000064e-02,-6.068690329999999744e-02,5.041878089999999979e+00,3.085032689999999889e+02,1.139185399999999904e+00,1.040893529272439064e-04,1.512889113476488414e-04,1.106426550621110450e-01,-6.431797333333353350e+00,6.464268159247680586e-07,1.496851259825794689e-15,1.298327939848898843e-09,2.324749109729442598e-01,3.542066309587769593e-08,6.679856959222589020e-04,2.708427339684789658e-09,3.775359509560618541e-08,0.000000000000000000e+00,0.000000000000000000e+00,4.771800819444651280e-28,4.283987149501423754e-32,3.314218159614287126e-25,2.567469629701194505e-24,5.953236699307154958e-07,6.138519589285590101e-05,2.985435219652550776e-23,3.312537379614482789e-20,6.780366179210893058e-30,3.316008929614078402e-28,3.381735189606428917e-24,9.529419178890954310e-37,3.377330669606942055e-24,2.825088099671212249e-30,8.308816329033010005e-21,9.176657698932008947e-26,1.450254059831217773e-26,0.000000000000000000e+00,1.865116349782935460e-24,2.231616539740281222e-28,0.000000000000000000e+00,8.392896489023224587e-21,1.299491999848763211e-16,6.216679289276494845e-16,7.522987969124463884e-24,3.617747109578961420e-07,1.254082679854048280e-07,1.109448849870880803e-09,5.494504839360542889e-13,0.000000000000000000e+00,7.122179829171111235e-16,6.268410649270474463e-21,0.000000000000000000e+00,3.725424059566430184e-18,2.741022819680995918e-17,1.631187229810160319e-15,7.252831909155906027e-21,7.667939109107595463e-01,0.000000000000000000e+00,8.335602659029892402e-27,5.333187919379317021e-30,6.959475859190046696e-25,8.930440498960661611e-25
2.034375000000000072e-02,-6.128988429999999987e-02,4.988833859999999731e+00,3.068261330000000271e+02,1.145504789999999939e+00,8.203889703051881052e-05,1.217604030049693344e-04,6.870866145889065191e-02,-6.985587199999970132e+00,5.991826734969043124e-07,1.047783209120242846e-15,1.094469319081043405e-09,2.325676288047276996e-01,2.962069567512938051e-08,5.382708715480480138e-04,2.210991318143571083e-09,3.013964197469365548e-08,0.000000000000000000e+00,3.121358797379192924e-26,1.480934258756553313e-24,6.873534884228728406e-32,3.516632577047306733e-25,2.063640188267292187e-24,4.708061346046939329e-07,4.574373026159188463e-05,1.746679038533424592e-23,2.960788877514013097e-20,3.375517807165792198e-31,2.647858757776760858e-28,2.725362947711685667e-24,1.167779339019489795e-41,2.551408017857744266e-24,2.276097098088905695e-30,8.318834443015203574e-21,2.243077228116630263e-26,1.054015719115009910e-26,1.046857139121020459e-30,1.334863898879199465e-24,1.596950478659141717e-28,0.000000000000000000e+00,5.818214315114815372e-21,1.108024579069662138e-16,4.982940975816139805e-16,4.907549895879442338e-24,2.855648877602292922e-07,9.579250241956911113e-08,8.249046213073798645e-10,4.307540346383231472e-13,9.103577022356304394e-30,5.281587785565385786e-16,4.638143616105645183e-21,7.148323293998006705e-27,2.773023817671667541e-18,2.040283128286903394e-17,1.214174528980534876e-15,5.210223145625306478e-21,7.668468413561273511e-01,0.000000000000000000e+00,9.147881752319105361e-27,4.701576666052384477e-30,2.561390657849362637e-27,9.937727351655921225e-25
2.043750000000000080e-02,-6.194478309999999766e-02,4.936748409999999865e+00,3.054767810000000168e+02,1.150640099999999943e+00,6.466240831942513141e-05,9.792896094990324299e-05,4.227758415734942515e-02,-7.431480533333379768e+00,5.549100343088801477e-07,7.399589834118842401e-16,9.239278615142869912e-10,2.326406371294950370e-01,2.480127491380516613e-08,4.333848542412355111e-04,1.806874221005762463e-09,2.402736971337438330e-08,5.246572652920405783e-26,0.000000000000000000e+00,0.000000000000000000e+00,1.849835481029676083e-32,3.266089371818007544e-25,1.657703990922729401e-24,3.722162342071871485e-07,3.411775731899100491e-05,9.339460215198635535e-24,2.663017201482318411e-20,6.548520923645110988e-32,2.001234661113949363e-28,2.188047641217935291e-24,2.819404571569368469e-42,1.928622051073531156e-24,1.845966581027522623e-30,8.326291374634674120e-21,3.777660992102763976e-27,7.671545144270222096e-27,6.697722943728161101e-32,9.558681695320660524e-25,1.145075640637384738e-28,0.000000000000000000e+00,4.116595222291425684e-21,9.441634405255508344e-17,3.991314052221689504e-16,3.281001301826307619e-24,2.253548741254395326e-07,7.317722444073273526e-08,6.139151033417243459e-10,3.380042591881437253e-13,2.104107331171212109e-31,3.920138632182071488e-16,3.435025711912042445e-21,0.000000000000000000e+00,2.065985411149992057e-18,1.520071400846119153e-17,9.045951715035259206e-16,3.770436202098742118e-21,7.668905824268752447e-01,0.000000000000000000e+00,9.932610575528801079e-27,4.109306722287368264e-30,5.160476142872481419e-28,1.081761570602142145e-24
2.053125000000000089e-02,-6.264148440000000262e-02,4.885446599999999862e+00,3.043958000000000084e+02,1.154787379999999919e+00,5.103192172671768966e-05,7.878205587628076727e-05,2.094577246222158184e-02,-7.899670399999977555e+00,5.134970289569236712e-07,5.270221829557891722e-16,7.809236389344898451e-10,2.326978529804794582e-01,2.079431809825560639e-08,3.489694569707256630e-04,1.478224809875994678e-09,1.914984219839355776e-08,6.733996299435098587e-26,0.000000000000000000e+00,0.000000000000000000e+00,3.637886179694825239e-32,3.573740019700206438e-25,1.332054869888256448e-24,2.945089869752942057e-07,2.552495569785876022e-05,5.247591629559789701e-24,2.426094889796479807e-20,4.529928949619992859e-32,1.714181369856200744e-28,1.775308799851073069e-24,1.592381209866418203e-42,1.461546609877393737e-24,1.504828869873763082e-30,8.331837659301059463e-21,4.977515739582446170e-28,5.609935199529394245e-27,2.715069009772238073e-32,6.880736379422789495e-25,8.253858509307600568e-29,0.000000000000000000e+00,2.838529499761881437e-21,8.042582699325323931e-17,3.197953439731730297e-16,2.235641499812456495e-24,1.779992859850680100e-07,5.600396049530193712e-08,4.583489539615499855e-10,2.657325449777082142e-13,0.000000000000000000e+00,2.919027249755128923e-16,2.552439389785881171e-21,1.777647959850876734e-31,1.544050009870472701e-18,1.136051459904698903e-17,6.760642169432863783e-16,2.750581839769259565e-21,7.669265679356640497e-01,0.000000000000000000e+00,1.068651859910352965e-26,3.562289519701166568e-30,4.201359529647556373e-28,1.152459709903322321e-24
2.071875000000000105e-02,-6.412267259999999969e-02,4.784549199999999836e+00,3.028295059999999808e+02,1.160850050000000078e+00,3.184371163399436067e-05,5.093587756894330123e-05,8.395204190569506217e-03,-8.275579199999986812e+00,4.386457532130394005e-07,2.729888981325839369e-16,5.590369552715105033e-10,2.327782661130546604e-01,1.466438590712212971e-08,2.259416191097342742e-04,9.874101204795605681e-10,1.212260690588764911e-08,1.471824220714828581e-26,3.968976121927633954e-32,0.000000000000000000e+00,1.835845010891624426e-32,3.765349021828736862e-25,8.593326324173567766e-25,1.844136580895651609e-07,1.437026140697928047e-05,1.694942780823191775e-24,2.076854521008677011e-20,2.344019631138432357e-32,1.143224190555235669e-28,1.174851550570596254e-24,5.356717432601624930e-43,8.431680144095059259e-25,1.011683970491349868e-30,8.339177764050134233e-21,0.000000000000000000e+00,3.039734421476323913e-27,1.252769350608439015e-32,3.608037731752334968e-25,4.339393712107536084e-29,0.000000000000000000e+00,1.756967520853315916e-21,5.824756152828940021e-17,2.050998020996119031e-16,1.103481230535933439e-24,1.110996300539583447e-07,3.288422381597105807e-08,2.570540211248447880e-10,1.648520010800645465e-13,0.000000000000000000e+00,1.628649720790995069e-16,1.418484310688922971e-21,0.000000000000000000e+00,8.676072294213754068e-19,6.383510973100313049e-18,3.798823621844995090e-16,1.500175900728598387e-21,7.669806263725036377e-01,0.000000000000000000e+00,1.208110850586749744e-26,2.595236131260442010e-30,2.886747161402021645e-28,1.256825700610409372e-24
2.090625000000000122e-02,-6.567434369999999855e-02,4.685182120000000339e+00,3.018021870000000035e+02,1.164861399999999936e+00,1.969579211407841444e-05,3.259126483653106924e-05,3.289582465703816318e-03,-8.476547199999972193e+00,3.734273502102119236e-07,1.431562170805863558e-16,3.984091372242748075e-10,2.328290331310654826e-01,1.030800470580264410e-08,1.447138750814631924e-04,6.513029613666353075e-10,7.569201484260899832e-09,0.000000000000000000e+00,0.000000000000000000e+00,2.604342561466052493e-26,1.535724250864499007e-32,3.684109092073881011e-25,5.485657763088019212e-25,1.141898270642804171e-07,7.981248214492850894e-06,5.492121263091657592e-25,1.894989791066739031e-20,1.257739220708014042e-32,7.075347443982896670e-29,7.740089164357096719e-25,1.910128681075260999e-43,4.804112402704359813e-25,6.888442273877682937e-31,8.343528594696788620e-21,0.000000000000000000e+00,1.641288810923924094e-27,3.943729882220027423e-33,1.865498051050137370e-25,2.250583271266911743e-29,0.000000000000000000e+00,1.150420400647601480e-21,4.193665252360722546e-17,1.301133090732441661e-16,5.453239023069770043e-25,6.857263853860131659e-08,1.905481811072645217e-08,1.422101600800537977e-10,1.013544860570550705e-13,0.000000000000000000e+00,8.961244895044516163e-17,7.773193854375732404e-22,3.830649662156371755e-36,4.809269462707262031e-19,3.538468891991895636e-18,2.105739331185375231e-16,8.204877864618737682e-22,7.670176774317741808e-01,0.000000000000000000e+00,1.325826290746341843e-26,1.818783631023840692e-30,1.996336671123789438e-28,1.328290330747729024e-24
2.109375000000000139e-02,-6.726369629999999489e-02,4.586843209999999615e+00,3.011359760000000279e+02,1.167477850000000039e+00,1.209153726695828358e-05,2.064427495029486979e-05,1.263649939972136954e-03,-8.552248000000050254e+00,3.168778177460074185e-07,7.576647533926959067e-17,2.823302827736989306e-10,2.328606868133511754e-01,7.214603024217154632e-09,9.171637572648500024e-05,4.235968246604671082e-10,4.664434876261234223e-09,0.000000000000000000e+00,0.000000000000000000e+00,5.445530755635149738e-26,9.675024402245009727e-33,3.478835597211548818e-25,3.465829027221974613e-25,6.992834354394912954e-08,4.373201096494672816e-06,1.780628678572741873e-25,1.807327518551341633e-20,7.067130074335361169e-33,4.222389336615555393e-29,5.092909135917793080e-25,7.110022034300981821e-44,2.704865187831922736e-25,4.738196136202112260e-31,8.346124853310186358e-21,0.000000000000000000e+00,8.929648802842465520e-28,1.348056478919468995e-33,9.518141692370759751e-26,1.153110479075727567e-29,0.000000000000000000e+00,3.804382556950607348e-22,2.998126477596859607e-17,8.166555273454119408e-17,2.806624607750358095e-25,4.185742626644929373e-08,1.089842049126439975e-08,7.761179873779046866e-11,6.172505545052445172e-14,0.000000000000000000e+00,4.862912486102145442e-17,4.200686626632951155e-22,0.000000000000000000e+00,2.629923197891991928e-19,1.934992118449012368e-18,1.151511359077009273e-16,4.488934296401907310e-22,7.670427713851789564e-01,0.000000000000000000e+00,1.420290898861569603e-26,1.226078409017240213e-30,1.388627368886949433e-28,1.377448288895910130e-24
2.128125000000000155e-02,-6.886724280000000586e-02,4.489180860000000273e+00,3.007084520000000225e+02,1.169163340000000106e+00,7.378513120927122356e-06,1.294467203778582467e-05,4.773843709624726764e-04,-8.539999999999984936e+00,2.680593219760167469e-07,4.036598209638845066e-17,1.987847169822147507e-10,2.328801959791642340e-01,5.023184949550575344e-09,5.750989229485459604e-05,2.713717639757204132e-10,2.837072069746167143e-09,6.856259749386571881e-26,2.784405389750879171e-32,0.000000000000000000e+00,4.359107069609990967e-33,3.229012949711100536e-25,2.166989859806119811e-25,4.233657679621214934e-08,2.362021059788670102e-06,5.767100189484018299e-26,1.769649409841669554e-20,4.428274669603802154e-33,2.474223869778631256e-29,3.368927889698582451e-25,2.715504449757043872e-44,1.504861509865359959e-25,3.281596799706395541e-31,8.348016669253103723e-21,0.000000000000000000e+00,4.985342519553961225e-28,4.851338849565950105e-34,4.792926939571177161e-26,5.846236099476937783e-30,0.000000000000000000e+00,2.029941069818381098e-22,2.129348819809487214e-17,5.070219399546367497e-17,1.468610209868603362e-25,2.525862029774011391e-08,6.149391559449813968e-09,4.174833399626477464e-11,3.720361539667139283e-14,1.344547029879703285e-32,2.600400589767341750e-17,2.236704179799881988e-22,2.339314999790701596e-31,1.417564819873170601e-19,1.042987189906683805e-18,6.206801569444676893e-17,2.441179049781587556e-22,7.670595819313712482e-01,0.000000000000000000e+00,1.493164959866406601e-26,7.927575049290720844e-31,9.695393989132554304e-29,1.411382449873723556e-24
2.146875000000000172e-02,-7.046849280000000437e-02,4.391955679999999695e+00,3.004367829999999913e+02,1.170237119999999909e+00,4.481700709702548331e-06,8.030034853378769730e-06,1.778476055220494598e-04,-8.467060266666772250e+00,2.260841980478511461e-07,2.159792900457124034e-17,1.389755480294144230e-10,2.328920920492920377e-01,3.476164710735736427e-09,3.565189600754578862e-05,1.710779340362089542e-10,1.701954830360221761e-09,1.771043020374844587e-27,1.249444390264447337e-26,3.185819860674284354e-26,3.296276680697662761e-33,2.979246140630562970e-25,1.340142160283643693e-25,2.531306880535755471e-08,1.254516520265520704e-06,3.130417330662558741e-25,1.758624670372216154e-20,1.060181460224389434e-29,1.438284670304415756e-29,2.261392850478628128e-25,1.024730720216886164e-44,8.265966451749506515e-26,2.265591980479516659e-31,8.354555731768257405e-21,0.000000000000000000e+00,2.935198600621240357e-28,7.780141561646680833e-32,2.379991770503729536e-26,2.940120850622281920e-30,0.000000000000000000e+00,1.410225860298476833e-23,1.501227720317737414e-17,3.111201360658491139e-17,7.768270531644169745e-26,1.505128030318562996e-08,3.417006220723215679e-09,2.207962240467319378e-11,2.216072350469035816e-14,0.000000000000000000e+00,1.366787860289283038e-17,1.170415320247720604e-22,1.855094520392634025e-26,7.513083291590157090e-20,5.527823931169973571e-19,3.289599240696249313e-17,1.309739710277208792e-22,7.670707261623519457e-01,0.000000000000000000e+00,1.547762600327586835e-26,4.875889571031990731e-31,6.742600781427084174e-29,1.436027950303937807e-24
2.165624999999999842e-02,-7.205606659999999608e-02,4.295008469999999967e+00,3.002657500000000255e+02,1.170914330000000003e+00,2.713586618130071334e-06,4.921090277892230176e-06,8.053001984971071834e-05,-8.387543466666695480e+00,1.901283949678506763e-07,1.157909819804205701e-17,9.641555258369682564e-11,2.328992709606184097e-01,2.388753269596078955e-09,2.181522329631120389e-05,1.059762909820801821e-10,1.004992129830063226e-09,1.455093789753954354e-26,8.957842898485294577e-32,0.000000000000000000e+00,1.892879949679927728e-33,2.472373779581939761e-25,8.187387728615572311e-26,1.491198119747849086e-08,6.516001288898190953e-07,0.000000000000000000e+00,1.747811959704457662e-20,4.404725019255193336e-25,7.369966228753791895e-30,1.558372289736490679e-25,3.801575979357180985e-45,4.472710709243696987e-26,1.571008899734353928e-31,8.439950988572865938e-21,0.000000000000000000e+00,1.880510149682019285e-28,7.401866468748397969e-35,1.162506959803428597e-26,1.472868469750948597e-30,2.711305859541538240e-21,1.842018039688528135e-22,1.049024169822617660e-17,1.883462069681519979e-17,3.705860449373365693e-26,8.835397318505997627e-09,1.862323619685094649e-09,1.141625719806959356e-11,1.301131619779988042e-14,0.000000000000000000e+00,7.019848358812992805e-18,5.982642128988378876e-23,0.000000000000000000e+00,3.893499669341637593e-20,2.864679979515603516e-19,1.704766249711736322e-17,6.872753858837868259e-23,7.670780428702926868e-01,0.000000000000000000e+00,1.589304069731260327e-26,2.801028929526366472e-31,6.824844888845968660e-29,1.467227899751902344e-24
2.174999999999999850e-02,-7.284239879999999945e-02,4.246607880000000002e+00,3.002068499999999744e+02,1.171147790000000022e+00,2.118698654902814012e-06,3.845860005391623533e-06,3.646669204229742960e-05,-8.288996800000015597e+00,1.741996199436030205e-07,8.496984707249108102e-18,8.017846507404228130e-11,2.329016559245982720e-01,1.977404659359816689e-09,1.702856829448701374e-05,8.318463987306903853e-11,7.703838927505887843e-10,1.012933569672063530e-26,0.000000000000000000e+00,3.919222168731154973e-28,1.520664889507685718e-33,2.267430209265921436e-25,6.389520547931397487e-26,1.141925739630302432e-08,4.680923718484554095e-07,3.366375328910138573e-27,1.004885739674669154e-20,2.828841389084164635e-30,5.326983078275393462e-30,1.314531049574421622e-25,2.316309209250096602e-45,3.290912118934570048e-26,1.387768979550710907e-31,8.981041547092396240e-21,9.477397306931700030e-23,1.341693659565627592e-28,3.107408258993978706e-35,7.988924267413592459e-27,1.058897119657182893e-30,9.599809746892068695e-22,0.000000000000000000e+00,8.761375777163509431e-18,1.462285789526586032e-17,3.026611999020136566e-26,6.753866037813440802e-09,1.370989969556142854e-09,8.182164777351029331e-12,9.947936386779363677e-15,2.313811389250905478e-33,5.014013438376716766e-18,4.262770368619931386e-23,3.118699648990323550e-31,2.793762719095521379e-20,2.055537869334521215e-19,1.223247049603974566e-17,4.962190088393495197e-23,7.670806507516582107e-01,0.000000000000000000e+00,1.140502829630763068e-26,2.015003449347644596e-31,4.172155198649267259e-29,1.066257879654799631e-24
2.193749999999999867e-02,-7.439658570000000359e-02,4.149905790000000039e+00,3.001260050000000206e+02,1.171468500000000024e+00,1.318063862343802963e-06,2.363261851482609401e-06,1.341157298736282233e-05,-8.135499199999999931e+00,1.460123441204002555e-07,4.616249413806511267e-18,5.546495944573582584e-11,2.329048121920508641e-01,1.356570431118613768e-09,1.042907310859970281e-05,5.127706654228253187e-11,4.556549313757282928e-10,9.284598797655982842e-27,3.735348183080129046e-38,2.681368702211028406e-28,6.256476935159024577e-34,1.411793341164150019e-25,3.897533583213865268e-26,6.745664665562404283e-09,2.456921632025951764e-07,1.084697540894430266e-27,5.248144054327565098e-21,3.650500093010164033e-34,2.043432971684993485e-30,7.128920545878433034e-26,8.569837147066597184e-46,1.775409441463984224e-26,5.085458064193414986e-32,4.800053883958074864e-21,3.343694452757175546e-24,6.342822735230225488e-29,1.033321180852065717e-35,3.882600423201551992e-27,5.146627244243855216e-31,4.047506413337531287e-22,2.005257271653514215e-23,6.111596545039558159e-18,8.864785827309808953e-18,1.638685391351242773e-26,3.976351893278858095e-09,7.525371016205342681e-10,4.276599473526438599e-12,5.860707114832678123e-15,0.000000000000000000e+00,2.604416112147574037e-18,2.204429491817749648e-23,0.000000000000000000e+00,1.463315471206634690e-20,1.076648460887793033e-19,6.407115935283239805e-18,2.624632332164244541e-23,7.670843536325296919e-01,0.000000000000000000e+00,5.135354994234560188e-27,9.841862768115495781e-32,1.537144531267513186e-29,5.176630394268595147e-25
2.212499999999999883e-02,-7.592199180000000491e-02,4.053283350000000063e+00,3.000761899999999969e+02,1.171666309999999989e+00,8.325226113480842074e-07,1.443998660780678579e-06,4.969451871633456161e-06,-7.967746133333316827e+00,1.220732499926651356e-07,2.510504289849154643e-18,3.815364329770751262e-11,2.329066719860056478e-01,9.257831849443736589e-10,6.340265989619040759e-06,3.124854439812241165e-11,2.672574399839416183e-10,0.000000000000000000e+00,5.919821469644302611e-36,0.000000000000000000e+00,2.515230679848870537e-34,8.639626949480881630e-26,2.359824599858208561e-26,3.953777409762434773e-09,1.277702119923228243e-07,3.472826099791332996e-28,2.715596029836831771e-21,1.047062719937086540e-34,7.600043709543346066e-31,3.788602829772359810e-26,3.128964859811993569e-46,9.489775389429800774e-27,1.822768409890477471e-32,2.521410159848499612e-21,1.179414359929134049e-25,2.879961079826955655e-29,3.386143549796540758e-36,1.868077189887755203e-27,2.476311749851209517e-31,1.702845129897683216e-22,0.000000000000000000e+00,4.240170449745225968e-18,5.333883309679509823e-18,8.893070599465654813e-27,2.322743199860436403e-09,4.094522999753977632e-10,2.214557819866936528e-12,3.426494169794116996e-15,0.000000000000000000e+00,1.340164839919475347e-18,1.129280159932146365e-23,4.580467929724779261e-36,7.593725569543726218e-21,5.587156799664291109e-20,3.324906909800220425e-18,1.373188729917490879e-23,7.670867299539091411e-01,0.000000000000000000e+00,2.264125749863958357e-27,4.565947409725651835e-32,5.535227529667412089e-30,2.476590809851192127e-25
2.231249999999999900e-02,-7.741594420000000309e-02,3.956709440000000022e+00,3.000457379999999716e+02,1.171787359999999945e+00,5.369661088294338130e-07,8.780835900442808557e-07,1.863119025204120627e-06,-7.790724799999974692e+00,1.018066929530775290e-07,1.365337679370718809e-18,2.610207888796961155e-11,2.329077588926533326e-01,6.285043407103237207e-10,3.827102218236097262e-06,1.883814529131753926e-11,1.555120159283248404e-10,0.000000000000000000e+00,0.000000000000000000e+00,1.331442839386340834e-28,1.190322029451383129e-34,5.224782217591909479e-26,1.418556419346190332e-26,2.299914498939974620e-09,6.585455376964777519e-08,1.103736209491290428e-28,1.393138439357905847e-21,3.304741998476852038e-35,2.759318318728236359e-31,1.978975349087894901e-26,1.127339309480411753e-46,5.027668527682759040e-27,6.440672767031508009e-33,1.312112509395250372e-21,4.158605718083307772e-27,1.241611239427744177e-29,1.093943109495803866e-36,8.901241065897437258e-28,1.179931729456172226e-31,7.146320946706276775e-23,6.270483427109947941e-24,2.926287508651280314e-18,3.186147298531511735e-18,4.830267457773740548e-27,1.346520789379391639e-09,2.209005548981874290e-10,1.136511139476184588e-12,1.988452519083526779e-15,0.000000000000000000e+00,6.833956776850244394e-19,5.732613317357850979e-24,0.000000000000000000e+00,3.905530178199950093e-21,2.873531528675596012e-20,1.710033339211849224e-18,7.110601546722738601e-24,7.670882416464507303e-01,0.000000000000000000e+00,9.879260605446669868e-28,2.050413319054968838e-32,1.964195079094707042e-30,1.173428739459169373e-25
2.249999999999999917e-02,-7.887670509999999968e-02,3.860164779999999851e+00,3.000272669999999948e+02,1.171860869999999943e+00,3.559961137614219441e-07,5.319851956788034438e-07,7.202662825646118235e-07,-7.607742933333358160e+00,8.470193905652210171e-08,7.418825634950625367e-19,1.776251701185303048e-11,2.329083871554211149e-01,4.244903742832649201e-10,2.294215201530943089e-06,1.124110200750125121e-11,8.980487515992731215e-11,2.186015551458740987e-26,2.446579141632616706e-37,0.000000000000000000e+00,3.368780702248006837e-35,3.130242012088829156e-26,8.468233885650900801e-27,1.328095660886245958e-09,3.365051012245517997e-08,3.479859612322130504e-29,7.086311354728736162e-22,1.033516420689671456e-35,9.814355416549176231e-32,1.018372980679566210e-26,4.008443722674857385e-47,2.641114641762431183e-27,2.245204391498237723e-33,6.769814454517535705e-22,1.465809860978143326e-28,4.974765363319689457e-30,3.486263732326404367e-37,4.201758822803858015e-28,5.569601813716627473e-32,2.991074371995961036e-23,0.000000000000000000e+00,2.009168101340729504e-18,1.889893701261137068e-18,2.622566361750053909e-27,7.748664335170728606e-10,1.182049660788788578e-10,5.782174103858478815e-13,1.145597070764463659e-15,6.042446864032159787e-35,3.454516712305218609e-19,2.884595361924907033e-24,4.080825022723158620e-37,1.991339901328832758e-21,1.465147580977701277e-20,8.719066135818283088e-19,3.646136272433087566e-24,7.670891975118830919e-01,0.000000000000000000e+00,4.269906332849333732e-28,9.001942086007047760e-33,6.874720414587540769e-31,5.508785583676043922e-26
2.268749999999999933e-02,-8.030315690000000561e-02,3.763637559999999826e+00,3.000161459999999920e+02,1.171905200000000091e+00,2.434753123591652580e-07,3.215744055979227593e-07,2.908369553250889103e-07,-7.420968533333287986e+00,7.030861949109935854e-08,4.024353129490541305e-19,1.202524579847767736e-11,2.329087479705151953e-01,2.852518469638888718e-10,1.366143369827054638e-06,6.643319249158996405e-12,5.148593999348219505e-11,0.000000000000000000e+00,0.000000000000000000e+00,6.589705899165782646e-29,1.731257279780833470e-35,1.860550469764465889e-26,5.021300619364334019e-27,7.614959079035993346e-10,1.705191919784133337e-08,1.087753689862297100e-29,3.575445839547370734e-22,3.204804379594291582e-36,3.427482959566101592e-32,5.171933659345265630e-27,1.406936459821890550e-47,1.376129189825790592e-27,7.724180729022165684e-34,3.464167169561457703e-22,5.169028919345633077e-30,1.767301009776270417e-30,1.096645279861171505e-37,1.965498399751180192e-28,2.605238009670192891e-32,1.248476369841950583e-23,6.687593739153390915e-24,1.372597999826237529e-18,1.113412739859048927e-18,1.421942479819990830e-27,4.427364719439523031e-10,6.275391409205574192e-11,2.917200759630700555e-13,6.553733299170337530e-16,3.237080639590205353e-35,1.731538629780797782e-19,1.439222949817803049e-24,0.000000000000000000e+00,1.006879699872535329e-21,7.408214879062166120e-21,4.408614859441896527e-19,1.852457429765490187e-24,7.670897969028911412e-01,0.000000000000000000e+00,1.828357709768541121e-28,3.885669139508098096e-33,2.374283699699430193e-31,2.563087349675529105e-26
2.287499999999999950e-02,-8.169458849999999828e-02,3.667120650000000204e+00,3.000094990000000053e+02,1.171931760000000100e+00,1.719744847043482991e-07,1.943107847162741776e-07,1.227989710879842378e-07,-7.231803199999972342e+00,5.823181679933340765e-08,2.177905379975068835e-19,8.100534099907269702e-12,2.329089539973338285e-01,1.907389459978165575e-10,8.082580999907476499e-07,3.890380749955465389e-12,2.931390849966443386e-11,0.000000000000000000e+00,2.491590079971478619e-37,4.038616439953768878e-29,6.775320389922440003e-36,1.098064969987430162e-26,2.958090219966138051e-27,4.336365549950360598e-10,8.571413639901879793e-09,3.369489089961428981e-30,1.787605119979536781e-22,9.860042349887130625e-37,1.177145439986524722e-32,2.595899389970283975e-27,4.875858369944184743e-48,7.113988509918564071e-28,2.623440449969968730e-34,1.758562979979869163e-22,1.836364959978978686e-31,4.833142179944673732e-31,3.407101289960997964e-38,9.113979809895669810e-29,1.207985949986171876e-32,5.196733199940511351e-24,4.197944729951944470e-24,9.331728669893175373e-19,6.516546759925403085e-19,7.693138959911934259e-28,2.512282209971240951e-10,3.306191219962153143e-11,1.459895249983288219e-13,3.723713139957373549e-16,0.000000000000000000e+00,8.608569019901455757e-20,7.122083559918471494e-25,0.000000000000000000e+00,5.050085389942189954e-22,3.715649299957465827e-21,2.211175929974687807e-19,9.329581249893202015e-25,7.670901699912189287e-01,0.000000000000000000e+00,7.757699549911195757e-29,1.654573269981059471e-33,8.094558039907338895e-32,1.182203209986467127e-26
2.306249999999999967e-02,-8.305055159999999437e-02,3.570609779999999844e+00,3.000055530000000203e+02,1.171947569999999939e+00,1.255140104960927758e-07,1.176539895496103798e-07,5.559807085289906245e-08,-7.041145600000051630e+00,4.812702049184914721e-08,1.175348899800941367e-19,5.430431439080295377e-12,2.329090699605542436e-01,1.269277379785033540e-10,4.752117549195175682e-07,2.258594439617481908e-12,1.658035989719193204e-11,9.666433358362882397e-27,5.616946279048707808e-37,0.000000000000000000e+00,1.432979179757308839e-36,6.438308238909600435e-27,1.731693249706718410e-27,2.453023859584553090e-10,4.275112889275962178e-09,1.034146579824855834e-30,8.867388138498208258e-23,3.011871009489905994e-37,3.980586169325843472e-33,1.289136279781670211e-27,1.669245279717294536e-48,3.649824999381861840e-28,8.799803248509654073e-35,8.858711648499678371e-23,6.934191548825617758e-33,2.814247979523375882e-32,1.046155359822821886e-38,4.190509559290290567e-29,5.553908279059383320e-33,2.157117859634667912e-24,0.000000000000000000e+00,6.314488818930570460e-19,3.789785549358157091e-19,4.150998889296981955e-28,1.416100859760167518e-10,1.729057089707164736e-11,7.248971198772305588e-14,2.101772079644041458e-16,0.000000000000000000e+00,4.246235099280852169e-20,3.496576379407816134e-25,3.002673509491463566e-37,2.513202709574361189e-22,1.849113299686832220e-21,1.100403849813634321e-19,4.659979979210780491e-25,7.670904018700847038e-01,0.000000000000000000e+00,3.262347069447484979e-29,6.964596748820467357e-34,2.725297799538440479e-32,5.407021979084260241e-27
2.324999999999999983e-02,-8.437076640000000516e-02,3.474102419999999913e+00,3.000032269999999812e+02,1.171956929999999897e+00,9.425205535552106610e-08,7.160901577998897030e-08,2.736158439853412376e-08,-6.849565333333282879e+00,3.969514650594657608e-08,6.320531850946855077e-20,3.623497490542822478e-12,2.329091350348912182e-01,8.407010071259422246e-11,2.777142490416033180e-07,1.300517830194825667e-12,9.319352831396096824e-12,0.000000000000000000e+00,9.888797601481403551e-39,4.635986990694499701e-30,1.374907340205969553e-36,3.751750990562035213e-27,1.007595380150944074e-27,1.378768420206547960e-10,2.116285610317032713e-09,3.143293440470885212e-31,4.365043530653910870e-23,9.140105951369243980e-38,1.326642190198739222e-33,6.339896650949755590e-28,5.645838390845781229e-49,1.858887980278472801e-28,2.916260360436873692e-35,4.429458930663560446e-23,3.777225110565851312e-34,0.000000000000000000e+00,3.176743470475895299e-39,1.911066780286289595e-29,2.532710730379415667e-33,8.930004321337769650e-25,0.000000000000000000e+00,4.253434510637190287e-19,2.190481730328147746e-19,2.232059400334376558e-28,7.930839681188088619e-11,8.978303251345005855e-12,3.572289440535151341e-14,1.178715560176578785e-16,0.000000000000000000e+00,2.078590050311385502e-20,1.703546950255201932e-25,2.993996730448519275e-38,1.241309050185955597e-22,9.133052091368187325e-22,5.435062060814206609e-20,2.309324580345951428e-25,7.670905451149148124e-01,0.000000000000000000e+00,1.360068910203746971e-29,2.901845270434713979e-34,9.065134521358012364e-33,2.452896730367459007e-27
2.343750000000000000e-02,-8.565505989999999681e-02,3.377597090000000080e+00,3.000018640000000119e+02,1.171962450000000100e+00,7.232113310506649180e-08,4.398067914532482946e-08,1.405406686588109711e-08,-6.657418666666649720e+00,3.267773339153598447e-08,3.388427479122347470e-20,2.406960279376561560e-12,2.329091719396730598e-01,5.543213568564225580e-11,1.613516559582075241e-07,7.430333288075433752e-13,5.206976988651315830e-12,2.966012309231759208e-26,0.000000000000000000e+00,0.000000000000000000e+00,2.810031059272160266e-37,2.173393119437059061e-27,5.828382638490362671e-28,7.701760598005129587e-11,1.040030239730616856e-09,9.467767837547707648e-32,2.134070079447244352e-23,2.757307719285816627e-38,4.361173568870391001e-34,3.090052789199630515e-28,1.887981499510984526e-49,9.400914637565024572e-29,9.552265327525821101e-36,2.198923809430446318e-23,5.098353558679450904e-35,0.000000000000000000e+00,9.546225307527385931e-40,8.646879117760330732e-30,1.145901779703194412e-33,3.687010029045010425e-25,0.000000000000000000e+00,2.852582849261138562e-19,1.258590119674006413e-19,1.196598709690063158e-28,4.414070848856690423e-11,4.630097428800735738e-12,1.747618209547340996e-14,6.569604808298374885e-17,1.600783759585373211e-35,1.010044479738383524e-20,8.238651027866068331e-26,0.000000000000000000e+00,6.086528768423499054e-23,4.478222858840073780e-22,2.664981949309730395e-20,1.135916799705780678e-25,7.670906328013121778e-01,0.000000000000000000e+00,5.622643858543652149e-30,1.197876009689732447e-34,2.980269669228065715e-33,1.104012559714044466e-27
2.362500000000000017e-02,-8.690332589999999469e-02,3.281092909999999918e+00,3.000010700000000270e+02,1.171965680000000010e+00,5.660349511054528691e-08,2.738250267824622495e-08,7.734661725562788437e-09,-6.464926933333368098e+00,2.685239520832889623e-08,1.808893720561070342e-20,1.591973730493787550e-12,2.329091920722421716e-01,3.639068871128741903e-11,9.321902342891404536e-08,4.213891841307036045e-13,2.892898270897299410e-12,0.000000000000000000e+00,0.000000000000000000e+00,0.000000000000000000e+00,1.824831710566014015e-38,1.251959070388324229e-27,3.352345171039807603e-28,4.276552231326472145e-11,5.075450581574268411e-10,2.823842100875879900e-32,1.035932750321318692e-23,8.273422132566193279e-39,1.415259930438975739e-34,1.493573140463266304e-28,6.242719171936325391e-50,4.722083041464663456e-29,3.093822490959620672e-36,1.084075830336251308e-23,1.237174910383738480e-35,0.000000000000000000e+00,2.840780770881134314e-40,3.882751521204325898e-30,5.145251831595918804e-34,1.518328630470944951e-25,0.000000000000000000e+00,1.905067500590900781e-19,7.190208132230210745e-20,6.387575261981254567e-29,2.442029600757452293e-11,2.371937090735711264e-12,8.489628162633256550e-15,3.639741471128950020e-17,0.000000000000000000e+00,4.873404461511599809e-21,3.956061971227064839e-26,0.000000000000000000e+00,2.963527940919207467e-23,2.180444610676315477e-22,1.297578450402474165e-20,5.547251491720609577e-26,7.670906872379310570e-01,0.000000000000000000e+00,2.305625310715143220e-30,4.902183481520525911e-35,9.688210493005022803e-34,4.931293911529555037e-28
2.381250000000000033e-02,-8.811549970000000231e-02,3.184589390000000186e+00,3.000006119999999896e+02,1.171967580000000009e+00,4.494326995643018116e-08,1.736902956014507264e-08,4.522103011218952681e-09,-6.272227733333352262e+00,2.202857970208852346e-08,9.620730140912139157e-21,1.048612010099418528e-12,2.329092030220820675e-01,2.379084160225560253e-11,5.356566020507854376e-08,2.373050920224987933e-13,1.598727720151575042e-12,0.000000000000000000e+00,4.829022130457837900e-38,9.128528640865474250e-31,4.417850820418854985e-38,7.172805740680051121e-28,1.917712470181817616e-28,2.361026610223848473e-11,2.460207180233251571e-10,8.346069220791289021e-33,4.997249940473788225e-24,2.470515260234228715e-39,4.536900110430142163e-35,7.163114790679133454e-29,2.042290240193629038e-50,2.356426020223412326e-29,9.912544560939805898e-37,5.308960020503340647e-24,3.395927370321966039e-36,0.000000000000000000e+00,8.377263010794246167e-41,1.730761430164092966e-30,2.293423300217438561e-34,6.236681390591298452e-26,0.000000000000000000e+00,1.267186480120141690e-19,4.085139650387311204e-20,3.397267790322094446e-29,1.343236930127351892e-11,1.207368720114470167e-12,4.096235950388363734e-15,2.004933780190087048e-17,0.000000000000000000e+00,2.335379740221416923e-21,1.886637140178871590e-26,3.820226240362194504e-38,1.433209610135882104e-23,1.054497980099976648e-22,6.275297450594959388e-21,2.690539490255089290e-26,7.670907210727275771e-01,0.000000000000000000e+00,9.380528150889366414e-31,1.989862850188658327e-35,3.115526550295381690e-34,2.186544480207305712e-28
2.400000000000000050e-02,-8.929154240000000686e-02,3.088086239999999982e+00,3.000003469999999766e+02,1.171968689999999924e+00,3.602754833706120863e-08,1.127999084093875783e-08,2.864924919212632071e-09,-6.079403199999994456e+00,1.804366020322283813e-08,5.094990750910033976e-21,6.880237701228902875e-13,2.329092090416007010e-01,1.549227190276712521e-11,3.062112900546934282e-08,1.327527160237114226e-13,8.791606621570297748e-13,4.635191990827907538e-26,0.000000000000000000e+00,7.534795191345815210e-31,0.000000000000000000e+00,4.088250400730215981e-28,1.091326180194925255e-28,1.296328860231541565e-11,1.184814100211623437e-10,2.443571250436454449e-33,2.394845410427751191e-24,7.345621671312025833e-40,1.437731750256798053e-35,3.410376550609139101e-29,6.613906811181331572e-51,1.168536880208716318e-29,3.143277820561431426e-37,2.583281260461408028e-24,9.467064021690946065e-37,0.000000000000000000e+00,2.449828770437572387e-41,7.660775211368316960e-31,1.015081170181306982e-34,2.555529970456451859e-26,0.000000000000000000e+00,8.397025061499820837e-20,2.308783250412379540e-20,1.798998110321325157e-29,7.347649951312387948e-12,6.108150011090997171e-13,1.963581140350721683e-15,1.098324930196175444e-17,3.718090460664099948e-36,1.111807680198583806e-21,8.938125061596468719e-27,0.000000000000000000e+00,6.886284201229983833e-24,5.066650990904971613e-23,3.015154360538547026e-21,1.296446940231562680e-26,7.670907421370126711e-01,0.000000000000000000e+00,3.787736380676540411e-31,8.014761391431542505e-36,9.915761681771087471e-35,9.626876801719488504e-29
2.418750000000000067e-02,-9.043143050000000682e-02,2.991583299999999834e+00,3.000001960000000167e+02,1.171969339999999971e+00,2.893106974937177388e-08,7.531065824506232361e-09,1.762685297754341526e-09,-5.886505066666615882e+00,1.475937149619837979e-08,2.692555799306469779e-21,4.497988278841438191e-13,2.329092129400087974e-01,1.005125959741106392e-11,1.741905309551331683e-08,7.380178538099063472e-14,4.812759968760361532e-13,0.000000000000000000e+00,0.000000000000000000e+00,1.211691189687900767e-31,2.315079839403697423e-38,2.318727969402757681e-28,6.179846798408236550e-29,7.080310128176301073e-12,5.670596098539405693e-11,7.105516138169808102e-34,1.144388069705236017e-24,2.176012559439517174e-40,4.506856118839153813e-36,1.612578059584643269e-29,2.120467299453824296e-51,5.759934708516394769e-30,9.870094937457726737e-38,1.249293399678215418e-24,2.640494029319879156e-37,0.000000000000000000e+00,7.109986758168656142e-42,3.367977869132499353e-31,4.462512288850576121e-35,1.044686799730916625e-26,1.137245309707075985e-25,5.544735678571824960e-20,1.298332459665584341e-20,9.501922217552557879e-30,3.998103258970195723e-12,3.072057759208719892e-13,9.354036297590650290e-16,5.985190018458374326e-18,0.000000000000000000e+00,5.259784948645220044e-22,4.207813738916180081e-27,1.387404979642641365e-38,3.288162929153056772e-24,2.419298099376853474e-23,1.439719689629166788e-21,6.207088378401220064e-27,7.670907548024179512e-01,0.000000000000000000e+00,1.518349989608913751e-31,3.204418469174627475e-36,3.125063199195066869e-35,4.209828008915661094e-29
2.437500000000000083e-02,-9.153515019999999835e-02,2.895080479999999845e+00,3.000001110000000040e+02,1.171969720000000104e+00,2.336467931215053191e-08,5.182184394625386260e-09,1.089792315095554344e-09,-5.693563199999987390e+00,1.205859120045229842e-08,1.416189560053119093e-21,2.930933380109934732e-13,2.329092150087360702e-01,6.499358990243780414e-12,9.863657830369969233e-09,4.079102670153000234e-14,2.624028600098422959e-13,5.998272290224985419e-27,0.000000000000000000e+00,0.000000000000000000e+00,0.000000000000000000e+00,1.309078130049101413e-28,3.483325730130654702e-29,3.848139920144337275e-12,2.697985600101197250e-11,2.046313280076753834e-34,5.427487990203576586e-25,6.426632080241053636e-41,1.398937550052471728e-36,7.576108270284168381e-30,6.743489930252938140e-52,2.823013610105886686e-30,3.070997150115188579e-38,6.006485220225293479e-25,7.346620630275559986e-38,0.000000000000000000e+00,2.049601580076877390e-42,1.471155860055180761e-31,1.949180870073110806e-35,4.260754990159815053e-27,0.000000000000000000e+00,3.649657510136892572e-20,7.267011960272575333e-21,5.001328980187591985e-30,2.164749830081196767e-12,1.536501980057631869e-13,4.429634610166148814e-16,3.245483960121732992e-18,0.000000000000000000e+00,2.473458810092775727e-22,1.969022860073855318e-27,0.000000000000000000e+00,1.560800030058543075e-24,1.148373940043073869e-23,6.833951390256331141e-22,2.954296060110810928e-27,7.670907630287724377e-01,0.000000000000000000e+00,6.044153500226707970e-32,1.272180930047717429e-36,9.758991270366043557e-36,1.829053130068605268e-29
2.456250000000000100e-02,-9.260269329999999688e-02,2.798577719999999935e+00,3.000000620000000140e+02,1.171969950000000038e+00,1.898786476972483317e-08,3.676765744077740228e-09,7.629626285206381917e-10,-5.500594666666705379e+00,9.842455375813597191e-09,7.375750316862788465e-22,1.904407459189976911e-13,2.329092159009340801e-01,4.190419208217641319e-12,5.562248817634146004e-09,2.242711869046081951e-14,1.425838729393531688e-13,0.000000000000000000e+00,1.131398239518769575e-40,3.248884118618115488e-32,0.000000000000000000e+00,7.359895116869533336e-29,1.955203569168371316e-29,2.082064779114411761e-12,1.276578149457018553e-11,5.820513327524294516e-35,2.558645938911702166e-25,1.894005159194401465e-41,4.303900918169373222e-37,3.538222948495047591e-30,2.126211039095634870e-52,1.376249879414624094e-30,9.475822205969541111e-39,2.872138468778361076e-25,2.033218049135188442e-38,0.000000000000000000e+00,5.874574837501301055e-43,6.386995437283346793e-32,8.462027096400751142e-36,1.733898199262501680e-27,2.110979379102113245e-26,2.395690758981013710e-20,4.050236838277266961e-21,2.601566298893446426e-30,1.166789099503716477e-12,7.645258156748155767e-14,2.086023919112728014e-16,1.751935449254829666e-18,0.000000000000000000e+00,1.156652189508028135e-22,9.162028236103010238e-28,0.000000000000000000e+00,7.367682726866221053e-25,5.420844917694290426e-24,3.225934458627877051e-22,1.398192129405291046e-27,7.670907686737244990e-01,0.000000000000000000e+00,2.390115008983385195e-32,5.017045327866043244e-37,3.022172068714544820e-36,7.898158396640587482e-30
2.475000000000000117e-02,-9.363405480000000503e-02,2.702074999999999783e+00,3.000000350000000253e+02,1.171970090000000075e+00,1.532569977419768367e-08,2.685338962292134510e-09,4.395781886733419337e-10,-5.307611199999964668e+00,8.027794338682429439e-09,3.899959629359914029e-22,1.234660359797359781e-13,2.329092169617734687e-01,2.695557739557588129e-12,3.125626569487002346e-09,1.227601179798518391e-14,7.728386068731568678e-14,0.000000000000000000e+00,3.999310579343607439e-39,5.648496909072933655e-32,2.177448519642623291e-39,4.123267109323263591e-29,1.093568699820516627e-29,1.122150139815825712e-12,6.010181239013572148e-12,1.675655089724980954e-35,1.200114699803029519e-25,5.577081709084654462e-42,1.313110549784484179e-37,1.643627759730237309e-30,6.657786328907283088e-53,6.677504528904047054e-31,2.902965329523547041e-39,1.366651109775696790e-25,5.569629169085876855e-39,0.000000000000000000e+00,1.676323119724871417e-43,2.757379879547441486e-32,3.653085229400432600e-36,7.040810918844418017e-28,0.000000000000000000e+00,1.569205449742452449e-20,2.249226719630843124e-21,1.376790049774032642e-30,6.264346078971856159e-13,3.786651789378510710e-14,9.774340218395773395e-17,9.420233288453891588e-19,0.000000000000000000e+00,5.381392759116773101e-23,4.241409449303872989e-28,0.000000000000000000e+00,3.460502509432040823e-25,2.546098739582118072e-24,1.515178489751319555e-22,6.584626248919289811e-28,7.670907718741002412e-01,0.000000000000000000e+00,9.393223718458324833e-33,1.966277859677282290e-37,9.291841088474965798e-37,3.391367719443387580e-30
2.493750000000000133e-02,-9.462923189999999929e-02,2.605572299999999952e+00,3.000000190000000089e+02,1.171970170000000033e+00,1.254595871651378450e-08,2.012386679239686613e-09,3.082181860917944777e-10,-5.114619199999999033e+00,6.544869148020252082e-09,2.033118309385005123e-22,7.993761097581980310e-14,2.329092169295476356e-01,1.731526229476233395e-12,1.751984179470045018e-09,6.696969377974244391e-15,4.184148498734343274e-14,0.000000000000000000e+00,9.938515476993712934e-40,3.306467538999831201e-32,2.643504379200370143e-39,2.304125339303028804e-29,6.100825468154570313e-30,6.030469998175852937e-13,2.818066299147567167e-12,4.768465158557593920e-36,5.611094328302709138e-26,1.644061789502690119e-42,3.984472418794742676e-38,7.601731327700564539e-31,2.057507929377627686e-53,3.227502349023717812e-31,8.845808757324244972e-40,6.476980738040788736e-26,1.497310559547080945e-39,0.000000000000000000e+00,4.771256258556750074e-44,1.184709829641638958e-32,1.569500909525243946e-36,2.853078669136976094e-28,2.302651099303474748e-26,1.026531859689486038e-20,1.245794889623161538e-21,7.197953697822702251e-31,3.353416328985630298e-13,1.868670869434748633e-14,4.561015518620344894e-17,5.050561858472262639e-19,0.000000000000000000e+00,2.493254509245819465e-23,1.955197309408575355e-28,0.000000000000000000e+00,1.618684279510366838e-25,1.190962879639747408e-24,7.087397327856144020e-23,3.088075279065892666e-28,7.670907747679638344e-01,0.000000000000000000e+00,3.671418598889437899e-33,7.663946437681743967e-38,2.841347329140525632e-37,1.449185809561637889e-30
2.512500000000000150e-02,-9.558822299999999994e-02,2.509069610000000061e+00,3.000000109999999722e+02,1.171970219999999951e+00,1.021832090053062872e-08,1.541187856261169801e-09,1.881446025750871005e-10,-4.921621333333325410e+00,5.335385623630327427e-09,1.051091790715188754e-22,5.175238763521359556e-14,2.329092171584771775e-01,1.112158840756740242e-12,9.811692876676116225e-10,3.648021242482203925e-15,2.267523101542878582e-14,0.000000000000000000e+00,5.538537233768556232e-40,0.000000000000000000e+00,1.686548151147568978e-41,1.286413050875307210e-29,3.400451642313750936e-30,3.236896632202464290e-13,1.318156860896906318e-12,1.359361980924943183e-36,2.616398411780262342e-26,4.867804983312173998e-43,1.204865930819820340e-38,3.506357852385812548e-31,6.562186674465072387e-54,1.556654431059185975e-31,2.689103551829732125e-40,3.062545682083831573e-26,3.889173442646288581e-40,0.000000000000000000e+00,1.358719260924506013e-44,5.073742033452299140e-33,6.721484774573464000e-37,1.153746160785037260e-28,9.405377006399649969e-28,6.715058164569091294e-21,6.893525204690525192e-22,3.762727122560252305e-31,1.792927791219952030e-13,9.203776136262477753e-15,2.123091001444603512e-17,2.704497731840206813e-19,2.165908681473737799e-38,1.152239690784012298e-23,8.989903386116951643e-29,7.019779124776430160e-40,7.553144125139345926e-26,5.557300173781323947e-25,3.307138692250258934e-23,1.444844590983107650e-28,7.670907765219474594e-01,0.000000000000000000e+00,1.429211540972470687e-33,2.975024712024280115e-38,8.667076375897292811e-38,6.172420294199867169e-31
2.531250000000000167e-02,-9.651102699999999923e-02,2.412566920000000170e+00,3.000000059999999849e+02,1.171970259999999930e+00,8.399741965719107144e-09,1.201333812174432467e-09,1.620779801146959021e-10,-4.728621333333451027e+00,4.350762870422186928e-09,5.791171190561960834e-23,3.356703720325726284e-14,2.329092170226009229e-01,7.156649140694462788e-13,5.505442560534234800e-10,1.990834600193185733e-15,1.234378380119780925e-14,7.369074340715077956e-27,1.485118100144112187e-40,1.471440490142784868e-32,2.269301130220207238e-40,7.195875040698269290e-30,1.898952260184269675e-30,1.740528070168896572e-13,6.171462950598862734e-13,3.899266750378375108e-37,1.222828580118660251e-26,1.455851020141272119e-43,3.646383880353835695e-39,1.618491130157054324e-31,2.011499430195190687e-54,7.516648560729396060e-32,8.198778610795589093e-41,1.449554000140660784e-26,9.454443570917435280e-41,0.000000000000000000e+00,3.892164900377686335e-45,2.173266760210888280e-33,2.878975150279368966e-37,4.655539700451761352e-29,0.000000000000000000e+00,4.400529110427016587e-21,3.821701490370848373e-22,1.994312280193523455e-31,9.602971840931847533e-14,4.539100460440463499e-15,9.891540230959849137e-18,1.450785520140780647e-19,2.494011860242012788e-41,5.329443130517155809e-24,4.136794880401424799e-29,2.912891570282659958e-41,3.527687840342318053e-26,2.595531100251863923e-25,1.544595580149883875e-23,6.765868600656542668e-29,7.670907780744365967e-01,0.000000000000000000e+00,5.559368460539467225e-34,1.153934720111974866e-38,2.651046050257250838e-38,2.629270460255138156e-31
2.549999999999999836e-02,-9.739764350000000570e-02,2.316064240000000218e+00,3.000000029999999924e+02,1.171970280000000031e+00,6.711835868152202033e-09,9.496812914696287677e-10,9.078103276678983312e-11,-4.535618666666662691e+00,3.550632066937384140e-09,3.134910997295966501e-23,2.187370078113272724e-14,2.329092177991029522e-01,4.627238396008751426e-13,3.109910587317530830e-10,1.093956759056402177e-15,6.789457144143719302e-15,0.000000000000000000e+00,2.985484197424854738e-40,2.893842277503901383e-33,1.453804248746013625e-40,4.052326526504645451e-30,1.067630529079109682e-30,9.425801771869726014e-14,2.911920567488307734e-13,1.231339978937901373e-37,5.760758135031027963e-27,4.442879446167771623e-44,1.120891489033169257e-39,7.528502913506251253e-32,6.337417744533627059e-55,3.657638136845085495e-32,2.531330777816587974e-41,6.914325124036013888e-27,1.980064098292085320e-41,2.281160418032373307e-35,1.132944939022772479e-45,9.380556581908752561e-34,1.242631218928162174e-37,1.873267888384203199e-29,3.395437127071248217e-27,2.896666237501465798e-21,2.133212308159986917e-22,1.127031829027872843e-31,5.180216205531777886e-14,2.255736738054302624e-15,4.644423095993929053e-18,7.838126493239183773e-20,0.000000000000000000e+00,2.484251927857195652e-24,1.918442038345238037e-29,0.000000000000000000e+00,1.660443238567776043e-26,1.221687488946227320e-25,7.270238833729018210e-24,3.193334397245572725e-29,7.670907783383419387e-01,0.000000000000000000e+00,2.178142048121232409e-34,4.508112156111504189e-39,8.209306102919020117e-39,1.128602279026518567e-31
2.568749999999999853e-02,-9.824807200000000573e-02,2.219561559999999822e+00,3.000000019999999950e+02,1.171970299999999909e+00,5.448601787863148764e-09,7.592193186988758751e-10,5.308942675359349355e-11,-4.342615466666658541e+00,2.901541669766847240e-09,1.559977399874648251e-23,1.437931049884455115e-14,2.329092179812846108e-01,3.018966469757411364e-13,1.782705699856750943e-10,6.106322379509327293e-16,3.809335239693902009e-15,0.000000000000000000e+00,3.039355839755772746e-46,3.772282179696878848e-36,1.664015339866288033e-42,2.316057819813893661e-30,6.092394959510446754e-31,5.188862839583049887e-14,1.403719319887204171e-13,3.248742249738947418e-38,2.764974529777820949e-27,1.408545489886816579e-44,3.559743119713957271e-40,3.579320229712384572e-32,2.060864669834399405e-55,1.816488019854036478e-32,8.054631609352770335e-42,3.368347959729336961e-27,2.452732869802910623e-42,9.976101479198371509e-35,3.415753939725527430e-46,4.147853059666700064e-34,5.494481739558491295e-38,7.495890339397669278e-30,9.087286979269792482e-29,1.922666769845504446e-21,1.208924429902857185e-22,5.508197479557390178e-32,2.841017899771710742e-14,1.143245269908134833e-15,2.228326469820943246e-18,4.305033539654069986e-20,2.591707619791743588e-44,1.183562459904895003e-24,9.094666699269198873e-30,0.000000000000000000e+00,7.985500169358327503e-27,5.875410569527883450e-26,3.496445549719043648e-24,1.539832369876267085e-29,7.670907789383605291e-01,0.000000000000000000e+00,8.762956059295853627e-35,1.808579749854671972e-39,2.618933209789556003e-39,4.963564909601153383e-32
2.587499999999999870e-02,-9.906231240000000493e-02,2.123058879999999871e+00,3.000000009999999975e+02,1.171970310000000071e+00,4.482572502772364201e-09,6.125711466853593204e-10,2.989333036215532662e-11,-4.053108266666638926e+00,2.375846298856743211e-09,8.453234745932306060e-24,9.591002595384811255e-15,2.329092178879241526e-01,1.999627719037779466e-13,1.050241959494623746e-10,3.515110598308530097e-16,2.212229718935475702e-15,2.698585238701441680e-35,0.000000000000000000e+00,1.421141439316146915e-36,8.090001486107093029e-43,1.360804409345181257e-30,3.574686558279862034e-31,2.948311298581273323e-14,7.091281776587676923e-14,1.014598829511775269e-38,1.391460329330429712e-27,4.780683207699536883e-45,1.194378829425265239e-40,1.786280119140442328e-32,7.104927756581110617e-56,9.420603985466807007e-33,2.723356868689521134e-42,1.717453899173561743e-27,0.000000000000000000e+00,1.351525319349646418e-34,1.104040489468735858e-46,1.942243899065392956e-34,2.572756578761989965e-38,2.950960118579998759e-30,1.596575189231728300e-30,1.293776029377435290e-21,7.049560066607754174e-23,2.984791148563719535e-32,1.608882739225805956e-14,6.036376427095296544e-16,1.121022989460563877e-18,2.441138298825324847e-20,1.286831599380776868e-46,5.917527037152487371e-25,4.527276977821475491e-30,0.000000000000000000e+00,4.025740898062814624e-27,2.961978618574696689e-26,1.762667789151804548e-24,7.780581126255986879e-30,7.670907796308761295e-01,0.000000000000000000e+00,3.777331688182348694e-35,7.776832756257789607e-40,8.872486365730562198e-40,2.313245388886866605e-32
2.624999999999999903e-02,-1.005822279999999957e-01,1.930053529999999906e+00,3.000000000000000000e+02,1.171970320000000010e+00,3.032788108081536431e-09,4.055267079203819860e-10,1.466229338020594605e-11,-3.667101333333326441e+00,1.599917268977131441e-09,2.593251918342066873e-24,4.426639227169935295e-15,2.329092178510951128e-01,9.117374914171025817e-14,3.927501377489047010e-11,1.261819479193286094e-16,8.151629404788451565e-16,9.296055144056790101e-36,1.294874569172153191e-50,0.000000000000000000e+00,1.115692939286708566e-43,5.065926046761222018e-31,1.327939289151013968e-31,1.039520869335407386e-14,2.079057468670804682e-14,1.143739969268777320e-39,4.055744047407057790e-28,6.639764585755025251e-46,1.630028098957880645e-41,5.139970986713883237e-33,9.953272653636615228e-57,2.875654908161519151e-33,3.700356377634266329e-43,5.107222226734820240e-28,0.000000000000000000e+00,1.593579848981183156e-34,1.408752039099348379e-47,5.080555186751869654e-35,6.729724105697512749e-39,6.063650396123351088e-31,9.360776124015412693e-32,6.064481776122819692e-22,2.592417398342600288e-23,9.156631834145927683e-33,5.642166136392817390e-15,1.894627458788715614e-16,3.265850257912057453e-19,8.578781384515363236e-21,2.984117618092176326e-47,1.707779048908172621e-25,1.297909349170212966e-30,8.404260124626939270e-51,1.176555519247797489e-27,8.656623514465595628e-27,5.151540016706487305e-25,2.281848768541154744e-30,7.670907805095790177e-01,0.000000000000000000e+00,8.760404984399244470e-36,1.797263708850962629e-40,1.210146159226322152e-40,6.009003366158287957e-33
2.662499999999999936e-02,-1.019573909999999944e-01,1.737048179999999942e+00,3.000000000000000000e+02,1.171970329999999949e+00,2.017434719701051205e-09,2.700672631519355601e-10,6.621488651023191236e-12,-3.281088000000003113e+00,1.075856099902643367e-09,7.902450499284888391e-25,2.032053949816114979e-15,2.329092179789235273e-01,4.134264049625880973e-14,1.458075049868055315e-11,4.483431249594283251e-17,3.014538429727207519e-16,2.396993919783090887e-37,1.300846269882283547e-51,0.000000000000000000e+00,1.644623969851174415e-44,1.871507939830643051e-31,4.897031709556856225e-32,3.636963229670883332e-15,6.041626219453279369e-15,1.280253779884146933e-40,1.171666099893973232e-28,9.265390689161553582e-47,2.163432429804225930e-42,1.465664789867368615e-33,1.375202409875555021e-57,8.702379119212502021e-34,4.957181889551413033e-44,1.505440479863769279e-28,0.000000000000000000e+00,1.655055569850230114e-34,1.781023209838830962e-48,1.316471269880869390e-35,1.743816279842198048e-39,1.241843119887622984e-31,1.860360139831651657e-32,2.827850209744101206e-22,9.462988259143672854e-24,2.790312389747498441e-33,1.963344629822332376e-15,5.896387559466421137e-17,9.429936899146663585e-20,2.991541649729288898e-21,0.000000000000000000e+00,4.884632989557978658e-26,3.687612279666299803e-31,2.578534709766662687e-52,3.408138139691589737e-28,2.507571329773084322e-27,1.492250879864962928e-25,6.632826769399780471e-31,7.670907809305842484e-01,0.000000000000000000e+00,2.011583609817967244e-36,4.112343889627864590e-41,1.626207119852840841e-41,1.546203269860080441e-33
2.699999999999999969e-02,-1.031877989999999967e-01,1.544042820000000038e+00,3.000000000000000000e+02,1.171970340000000110e+00,1.335105311881727479e-09,1.806277140809204292e-10,2.294741676023298484e-12,-2.895080000000010312e+00,7.234699301961485975e-10,2.400715460650887188e-25,9.298549212521041033e-16,2.329092180631468223e-01,1.868505580506592976e-14,5.384518491459861113e-12,1.580688410428559392e-17,1.123760890304676403e-16,0.000000000000000000e+00,1.506999660408580840e-52,0.000000000000000000e+00,2.685394830728069658e-45,6.870654871862785777e-32,1.796242510487000783e-32,1.265092130342994379e-15,1.743084080472588593e-15,1.431442610388095594e-41,3.360441510911089643e-29,1.307018850354361460e-47,2.840641120770160454e-43,4.148682241124799157e-34,1.881589200510140235e-58,2.615373200709085402e-34,6.573511151782222996e-45,4.406156061194606010e-29,0.000000000000000000e+00,1.668507270452368907e-34,2.238263770606842751e-49,3.384460720917601148e-36,4.483533591215584038e-40,2.549441450691209581e-32,3.908404481059654504e-33,1.314664320356434400e-22,3.435492840931436929e-24,8.476796002298245093e-34,6.792113301841492282e-16,1.822755850494189254e-17,2.703215640732901308e-20,1.037122620281186783e-21,0.000000000000000000e+00,1.386964290376036637e-26,1.040066250281984790e-31,0.000000000000000000e+00,9.801445952657387784e-29,7.211510791955199195e-28,4.291556201163535493e-26,1.914169320518973559e-31,7.670907812079752475e-01,0.000000000000000000e+00,4.580107171241768280e-37,9.330044662529579856e-42,2.162087340586189243e-42,3.947264641070189825e-34
2.737500000000000003e-02,-1.042734540000000015e-01,1.351037470000000074e+00,3.000000000000000000e+02,1.171970340000000110e+00,9.334225712823976881e-10,1.213371120680742031e-10,1.321865014305206222e-12,-2.509069333333314944e+00,4.874535077614163378e-10,7.313108606420605557e-26,4.258210787915822763e-16,2.329092178860027729e-01,8.450218665864049330e-15,1.985551799028173433e-12,5.553226267281977729e-18,4.252646957918545210e-17,2.375828988837152550e-37,0.000000000000000000e+00,4.309876597890534724e-39,6.984751396581319324e-46,2.512039368770484136e-32,6.578590606780114862e-33,4.391306377850678865e-16,5.009069617548314803e-16,1.613675989210187707e-42,9.599342515301609820e-30,1.880799169079444210e-48,3.723166188177699378e-44,1.169419529427628544e-34,2.568442988742877660e-59,7.831962876166651878e-35,8.691260115746068333e-46,1.284660209371224285e-29,0.000000000000000000e+00,1.670651069182301058e-34,2.813581588622895010e-50,8.657726455762484609e-37,1.147303429438453247e-40,5.182117837463616940e-33,8.239548335967159379e-34,6.117385187005851151e-23,1.245194429390540672e-24,2.582218958736135056e-34,2.344641278852417653e-16,5.616062067251223186e-18,7.717939086222461862e-21,3.587875958243916959e-22,2.387206418831583889e-50,3.922015678080372986e-27,2.921198278570221926e-32,6.265045976933577895e-54,2.807530708625856622e-29,2.065668488988960130e-28,1.229275349398332391e-26,5.502125277306988531e-32,7.670907816245481348e-01,0.000000000000000000e+00,1.036714939492580947e-37,2.104328708970037837e-42,2.864163668598137753e-43,1.002630979509263104e-34
2.775000000000000036e-02,-1.052143549999999955e-01,1.158032120000000109e+00,3.000000000000000000e+02,1.171970340000000110e+00,6.285559876456616583e-10,8.199040373168493668e-11,5.852349050329509755e-13,-2.123058666666693739e+00,3.299249588909047093e-10,2.256742729253769580e-26,1.966404679349774752e-16,2.329092179229846071e-01,3.853457038725789114e-15,7.375564917561143893e-13,1.962462389351078373e-18,1.655209339452676632e-17,0.000000000000000000e+00,1.244748589588402680e-54,0.000000000000000000e+00,2.793775999076190385e-46,9.187198746962095346e-33,2.426919799197497687e-33,1.534633269492547132e-16,1.446125219521813981e-16,1.867746149382397813e-43,2.754606649089142277e-30,2.806377819072023231e-49,4.953760428361955081e-45,3.310769308905237857e-35,3.556347438824032860e-60,2.357411849220481584e-35,1.164687899614875980e-46,3.763603318755500954e-30,0.000000000000000000e+00,1.670647529447571819e-34,3.591118158812535558e-51,2.221734189265345855e-37,2.946661659025636075e-41,1.047415559653654110e-33,1.766409619415906461e-34,2.870351039050869667e-23,4.545696008496887964e-25,7.968436047365100605e-35,8.148232137305646697e-17,1.739844399424690819e-18,2.213592789268038162e-21,1.249588459586802109e-22,1.075134739644488404e-51,1.113978889631643825e-27,8.240395837275173008e-33,2.850025339057590045e-54,8.078889387328577449e-30,5.944122808034474628e-29,3.537336038830319254e-27,1.588862099474615706e-32,7.670907817463483713e-01,0.000000000000000000e+00,2.350484229222772351e-38,4.753775558428082644e-43,3.841833328729632172e-44,2.554607189155275298e-35
2.812500000000000069e-02,-1.060105020000000065e-01,9.650267639999999814e-01,3.000000000000000000e+02,1.171970350000000050e+00,4.257030131539637366e-10,5.589035575941745827e-11,2.578203925881078320e-13,-1.737047999999998815e+00,2.250974969492671773e-10,7.187747918380014963e-27,9.294481317905194433e-17,2.329092179475065749e-01,1.799132209594509033e-15,2.819329949364575580e-13,7.140851388390583693e-19,6.796305818468238257e-18,0.000000000000000000e+00,3.091674229303193492e-55,0.000000000000000000e+00,4.573832568969143331e-47,3.395894579234628373e-33,9.214401137923243239e-34,5.524209928754944678e-17,4.306982109029285200e-17,2.320122509477087738e-44,8.154612408162101126e-31,4.490065698988022283e-50,6.955436278432373178e-46,9.669834987820597605e-36,5.204700068826956748e-61,7.319000848350431980e-36,1.649003309628345304e-47,1.137414779743647711e-30,6.482862088538882562e-46,1.670441399623513433e-34,4.846404258907709903e-52,5.881343698674453838e-38,7.813390798239006728e-42,2.131863439519517395e-34,3.961779169107088143e-35,1.377691589689493708e-23,1.708165719615011221e-25,2.537954709427991778e-35,2.917011209342559399e-17,5.558660398747179998e-19,6.549678528523823417e-22,4.482964208989622547e-23,7.158518468386602252e-52,3.264209529264307452e-28,2.398132099459505491e-33,7.615022998283715080e-56,2.398284279459471366e-30,1.764561399602300596e-29,1.050087089763329957e-27,4.733204638933223290e-33,7.670907818271119893e-01,0.000000000000000000e+00,5.493486398761870024e-39,1.106990129750504906e-43,5.437097438774578938e-45,6.714219388486738267e-36
2.850000000000000103e-02,-1.066618950000000066e-01,7.720214109999999907e-01,3.000000000000000000e+02,1.171970350000000050e+00,2.910627652566452841e-10,3.859631744388889931e-11,8.280376566281869951e-14,-1.158031999999993067e+00,1.555161499757964985e-10,2.442110009619925882e-27,4.621907049280676011e-17,2.329092179637515247e-01,8.848786678622832240e-16,1.163873389818862416e-13,2.825841479560204183e-19,3.076973319521119656e-18,4.951685169229351220e-39,0.000000000000000000e+00,0.000000000000000000e+00,0.000000000000000000e+00,1.301001569797520544e-33,3.781429099411482784e-34,2.163746759663248293e-17,1.428622939777658179e-17,1.039639179838197401e-41,2.690528279581263706e-31,8.250083378716010616e-51,1.118234509825965215e-46,3.152833289509313458e-36,8.894343918615740152e-62,2.518051639608106754e-36,2.734750789574380694e-48,3.821616149405228688e-31,2.688093599581642799e-44,1.670318319740042254e-34,7.690201618803146708e-53,1.758205849726364322e-38,2.341357299635606459e-42,3.982660799380164101e-35,9.793620528475784890e-36,6.943109778919418494e-24,6.947006348918812667e-26,8.622957578657979198e-36,1.137055639823035871e-17,1.961143509694780247e-19,2.160041889663825193e-22,1.750673269727536657e-23,1.103668139828232200e-52,1.067341139833885971e-28,7.794309998786944620e-34,1.384852389784470560e-56,7.932266888765473520e-31,5.836243869091684593e-30,3.473137489459463348e-28,1.570313479755606450e-33,7.670907818806149692e-01,0.000000000000000000e+00,1.470408639771155250e-39,2.953395879540352451e-44,8.997585688599673730e-46,1.994509709689587393e-36
2.925000000000000169e-02,-1.075304190000000021e-01,3.860107059999999812e-01,3.000000000000000000e+02,1.171970350000000050e+00,1.384568705714536374e-10,1.901546917612827626e-11,2.014016149571579345e-14,-3.860106666666599518e-01,7.664750479412317482e-11,3.408086769738690787e-28,1.329756309898043042e-17,2.329092179821420638e-01,2.505612549807886177e-16,2.554120159804167082e-14,5.814869239554154316e-20,7.502658919424745403e-19,3.161209529757619375e-44,5.496174499578589890e-52,0.000000000000000000e+00,2.308125549823028310e-48,3.398012479739463083e-34,8.229634109369006514e-35,4.413132979661629846e-18,2.330417949821318959e-18,3.396187059739603199e-36,4.358500019665819112e-32,5.536819319575474243e-52,6.801106949478535753e-48,5.028724209614431462e-37,4.363359909665446484e-63,4.310054659669533793e-37,1.290415229901059547e-49,6.340049679513887441e-32,0.000000000000000000e+00,0.000000000000000000e+00,3.441778419736106978e-54,2.507639539807730769e-39,3.343798479743619680e-43,3.308932769746293075e-36,8.202204549371111270e-37,2.039504419843624246e-24,1.492894459885534972e-26,1.203377079907732828e-36,2.303753709823363275e-18,3.470985309733867692e-20,3.497064389731868428e-23,3.556080289727343326e-24,3.508838199730965828e-54,1.708784069868982070e-29,1.238068789905073153e-34,1.761377909864949147e-57,1.289077819901162100e-31,9.484517619272791278e-31,5.644218179567238568e-29,2.562184629803548847e-34,7.670907819411846296e-01,0.000000000000000000e+00,1.825216039860054514e-40,3.651297179720042484e-45,4.245469039674485747e-47,2.821830959783641166e-37
2.999999999999999889e-02,-1.078199269999999960e-01,0.000000000000000000e+00,3.000000000000000000e+02,1.171970350000000050e+00,6.319452659606296863e-11,9.363909967665193838e-12,2.014016149571579345e-14,-3.860106666666599518e-01,3.775027509857469608e-11,2.056709609922346967e-28,3.815048109855959023e-18,2.329092179912062854e-01,7.089421239732331662e-17,5.595833619788723519e-15,1.185447359955242404e-20,1.521077669942570171e-19,8.453544769680828162e-44,2.841050139892733504e-58,3.143212129881324654e-42,4.335711979836301125e-49,7.404327629720441517e-35,1.788092919932488710e-35,8.985605779660739839e-19,3.794302269856742042e-19,1.162661519956102589e-30,7.047149069733927235e-33,8.895350589664147061e-53,1.092653149958745727e-48,8.005438999697746568e-38,7.519725369716085296e-64,7.363738869721973975e-38,2.186666279917440441e-50,1.049845839960361911e-32,0.000000000000000000e+00,0.000000000000000000e+00,8.176396959691290957e-55,3.569446659865231749e-40,4.759659529820294719e-44,8.665767529672815339e-37,2.446407839907633525e-37,5.982911349774110105e-25,3.202877539879072119e-27,2.433078629908136792e-37,4.659589169824072099e-19,6.132039649768479143e-21,5.650928709786642740e-24,7.212170269727697427e-25,7.460574909718317782e-55,2.730530989896906183e-30,1.962842329925890801e-35,4.184323639842016654e-58,2.090940449921054247e-32,1.538430129941915146e-31,9.155168079654338395e-30,4.172676779842456598e-35,7.670907819710377495e-01,0.000000000000000000e+00,2.260967959914634964e-41,4.504800489829915764e-46,6.018362209772769225e-48,3.984417669849563890e-38
