grid,velocity,spread_rate,lambda,T,D,Y_H2,Y_H,Y_O,Y_O2,Y_OH,Y_H2O,Y_HO2,Y_H2O2,Y_C,Y_CH,Y_CH2,Y_CH2(S),Y_CH3,Y_CH4,Y_CO,Y_CO2,Y_HCO,Y_CH2O,Y_CH2OH,Y_CH3O,Y_CH3OH,Y_C2H,Y_C2H2,Y_C2H3,Y_C2H4,Y_C2H5,Y_C2H6,Y_HCCO,Y_CH2CO,Y_HCCOH,Y_N,Y_NH,Y_NH2,Y_NH3,Y_NNH,Y_NO,Y_NO2,Y_N2O,Y_HNO,Y_CN,Y_HCN,Y_H2CN,Y_HCNN,Y_HCNO,Y_HOCN,Y_HNCO,Y_NCO,Y_N2,Y_AR,Y_C3H7,Y_C3H8,Y_CH2CHO,Y_CH3CHO
0,0.187763043,-1.44373898e-19,-251.284305,300,0.651698506,1.00750724e-08,-9.78803009e-15,-4.18008422e-14,-3.80301699e-15,-6.8069154e-18,2.61303021e-13,3.25048863e-22,-1.00991276e-15,2.5322665e-14,-1.64887194e-14,-2.47793148e-18,5.6857424e-14,3.50357643e-14,0.99999999,6.87873517e-14,2.18379445e-15,1.00220333e-13,-6.68344237e-16,-2.26301174e-23,-9.69580313e-15,-9.43996439e-19,-3.31857686e-14,4.32319989e-16,1.53196503e-16,-1.02777892e-14,2.28529996e-19,4.64386438e-18,-3.40050536e-20,3.25720515e-14,-3.5903502e-16,-1.19257436e-14,5.81113306e-14,-6.26830162e-15,5.514233e-17,-2.5310959e-35,4.10778737e-14,-1.37170353e-19,-6.20885706e-14,2.34197607e-14,-4.58833197e-20,7.22224859e-15,1.11712307e-19,4.80309298e-20,-9.71002333e-14,-1.68324872e-18,4.75975448e-19,6.65604479e-21,9.17424346e-13,4.63035265e-17,4.46379804e-18,1.28087187e-13,5.17085598e-19,3.64610979e-15
0.000375,0.187474273,0.770086997,-251.284305,300,0.651698463,1.96837757e-08,-1.04789117e-14,-3.43729307e-14,-2.63000682e-15,-2.13959558e-17,1.07742667e-12,3.38919998e-21,-1.01029311e-15,2.53226307e-14,-5.08217868e-21,-2.43672665e-18,2.24181676e-20,1.42159226e-13,0.99999998,2.86758923e-13,1.11435241e-14,1.00216245e-13,-6.67807707e-16,-2.26457879e-23,-9.6916146e-15,-5.06760053e-18,-3.29992633e-14,2.15759749e-15,3.30729769e-17,-5.29457981e-14,2.3415875e-19,2.53107265e-17,-3.39552977e-20,3.25723323e-14,-3.58968574e-16,-1.19257485e-14,5.81113185e-14,-6.26829663e-15,1.77067238e-16,-1.05588631e-34,4.14911573e-14,-2.88672617e-20,-6.2088555e-14,2.34197715e-14,-4.29059354e-20,7.22729654e-15,1.11574952e-19,4.80309134e-20,-9.70999625e-14,-1.6789159e-18,2.52675178e-18,6.65142183e-21,3.79937784e-12,4.63035251e-17,4.46367257e-18,1.28087186e-13,4.75833245e-19,3.64610998e-15
0.00075,0.18660795,1.540174,-251.284305,300,0.651698378,3.84423178e-08,-1.04388252e-14,-2.82409392e-14,2.20498933e-15,-1.76376715e-17,4.46677801e-12,1.67623532e-20,-1.01038033e-15,2.532258e-14,-1.590772e-27,-2.39596378e-18,8.80916923e-27,1.29274132e-13,0.999999962,1.19435808e-12,5.67945248e-14,1.00212146e-13,-6.64905312e-16,-2.26557472e-23,-9.6873927e-15,-8.35064194e-18,-3.26401899e-14,1.13558243e-14,7.11893359e-18,-5.17828077e-14,2.63816877e-19,1.38292632e-16,-3.37683155e-20,3.25737832e-14,-3.58579096e-16,-1.19257484e-14,5.81112515e-14,-6.26828231e-15,6.87644314e-16,-4.64069582e-34,4.32167605e-14,4.79402346e-19,-6.20884995e-14,2.3419784e-14,-3.91474034e-20,7.25457398e-15,1.11546466e-19,4.80308964e-20,-9.70985832e-14,-1.65675612e-18,1.30145799e-17,6.63209929e-21,1.57206406e-11,4.63035224e-17,4.46370665e-18,1.28087188e-13,4.35384661e-19,3.6461114e-15
0.001125,0.185164084,2.31026101,-251.284305,300,0.651698211,7.49810447e-08,-1.04127768e-14,-2.31719388e-14,2.2036744e-14,-1.4472096e-17,1.84001296e-11,7.20419818e-20,-1.01024927e-15,2.53224787e-14,-2.13455618e-29,-2.35554176e-18,1.05155367e-30,1.18442595e-13,0.999999925,4.96022772e-12,2.88528446e-13,1.00208021e-13,-6.49559335e-16,-2.26646294e-23,-9.68311119e-15,-7.02968409e-18,-3.1959499e-14,5.82120085e-14,1.5247788e-18,-4.59541979e-14,4.23635622e-19,7.53619267e-16,-3.30973957e-20,3.25820629e-14,-3.56304821e-16,-1.19257318e-14,5.81110249e-14,-6.26824184e-15,2.81822848e-15,-1.93873086e-33,5.03961524e-14,2.85602211e-18,-6.20882465e-14,2.34198083e-14,-3.24441501e-20,7.401418e-15,1.12131499e-19,4.80308613e-20,-9.70915661e-14,-1.54384305e-18,6.6451421e-17,6.55140042e-21,6.4860416e-11,4.63035174e-17,4.4647629e-18,1.28087214e-13,3.99930121e-19,3.64612016e-15
0.0015,0.183142697,3.08034804,-251.284305,300.000001,0.651697888,1.4588485e-07,-1.04032069e-14,-1.89784061e-14,1.02882357e-13,-1.18530619e-17,7.52679924e-11,2.97314292e-19,-1.00931063e-15,2.53222233e-14,-1.50105747e-29,-2.31532886e-18,1.4353813e-30,1.09385955e-13,0.999999854,2.04940956e-11,1.45754899e-12,1.00203838e-13,-5.69046572e-16,-2.26632911e-23,-9.67872871e-15,1.88953452e-17,-3.07057189e-14,2.91813737e-13,3.24237182e-19,-1.62916489e-14,1.28344617e-18,4.0836418e-15,-3.07022321e-20,3.26299119e-14,-3.43109674e-16,-1.1925662e-14,5.81103342e-14,-6.26812656e-15,1.16566143e-14,-7.97912429e-33,8.00902681e-14,1.39011697e-17,-6.20870053e-14,2.34198874e-14,-1.47083574e-20,8.18695e-15,1.16057593e-19,4.80307641e-20,-9.70560557e-14,-9.72082395e-19,3.37028568e-16,6.21636806e-21,2.66228896e-10,4.63035078e-17,4.47247748e-18,1.2808742e-13,3.95026446e-19,3.64617219e-15
0.001875,0.180543829,3.85043516,-251.284305,300.000005,0.65169726,2.82746521e-07,-1.04087572e-14,-1.55099589e-14,4.29721897e-13,-9.68698587e-18,3.05395374e-10,1.20550671e-18,-1.00515962e-15,2.53214965e-14,-9.73264941e-30,-2.27517361e-18,1.71078727e-30,1.02128529e-13,0.999999716,8.40400042e-11,7.30325116e-12,1.00199514e-13,-1.50309143e-16,-2.26096625e-23,-9.67416628e-15,1.7425447e-16,-2.85074672e-14,1.43957366e-12,6.79084552e-20,1.33478e-13,5.87182799e-18,2.1944528e-14,-2.22079455e-20,3.29048387e-14,-2.67243959e-16,-1.19254224e-14,5.81083006e-14,-6.26779562e-15,4.80174464e-14,-3.25516204e-32,2.01888932e-13,6.47924641e-17,-6.20808424e-14,2.34201996e-14,4.37634553e-20,1.23517978e-14,1.37880377e-19,4.80304618e-20,-9.68778592e-14,1.89779249e-18,1.69510257e-15,4.83872339e-21,1.08460108e-09,4.63034895e-17,4.52328412e-18,1.28088816e-13,5.68991763e-19,3.64647461e-15
0.00225,0.177367554,4.62052256,-251.284305,300.000017,0.651696044,5.45116482e-07,-1.04187052e-14,-1.26503191e-14,1.73692932e-12,-7.90148315e-18,1.22665393e-09,4.82515686e-18,-9.88165125e-16,2.53193343e-14,-5.28377239e-30,-2.23481234e-18,1.8633687e-30,9.76894125e-14,0.999999449,3.41206415e-10,3.62029052e-11,1.00194773e-13,2.00273593e-15,-2.24199637e-23,-9.66922967e-15,1.00096925e-15,-2.49544238e-14,7.00269538e-12,1.16508312e-20,8.81105701e-13,3.00815869e-17,1.16636745e-13,7.65700124e-21,3.44668365e-14,1.63834819e-16,-1.19246482e-14,5.81024244e-14,-6.26684264e-15,1.9599797e-13,-1.31452477e-31,6.96118771e-13,2.96671286e-16,-6.20503973e-14,2.34214682e-14,2.49404877e-19,3.41793359e-14,2.54242336e-19,4.80294879e-20,-9.5993673e-14,1.61390544e-17,8.43410105e-15,-7.51319335e-22,4.37492648e-09,4.63034553e-17,4.84961087e-18,1.28097899e-13,1.76541047e-18,3.64820519e-15
0.003,0.169283201,6.16070007,-251.284305,300.000145,0.651690183,1.77897649e-06,-1.03667097e-14,-8.54012773e-15,1.59074605e-11,-5.33703039e-18,1.12233746e-08,4.38999221e-17,-8.01779189e-16,2.53020778e-14,5.79729315e-31,-2.15102268e-18,1.81055579e-30,1.11304351e-13,0.999998166,3.16490263e-09,4.29906381e-10,1.00181096e-13,3.25913015e-14,-1.53417012e-23,-9.65634602e-15,1.2939438e-14,-1.35006787e-14,8.11346962e-11,-2.26678373e-20,1.1172147e-11,3.83645359e-16,1.50652348e-12,2.8940322e-19,5.91448546e-14,6.97458149e-15,-1.19181419e-14,5.80582151e-14,-6.25958517e-15,1.83078981e-12,-1.20325635e-30,6.13854187e-12,3.19083219e-15,-6.16349309e-14,2.34355246e-14,2.21127637e-18,3.50654527e-13,1.96226447e-18,4.80210083e-20,-8.3900338e-14,2.10929541e-16,1.00606843e-13,-6.20401792e-20,4.02471378e-08,4.63033002e-17,1.07059749e-17,1.28261925e-13,2.13737112e-17,3.67571747e-15
0.00375,0.158891264,7.70089116,-251.284305,300.000931,0.651673338,5.13473462e-06,-9.90236981e-15,-5.63759436e-15,1.09786249e-10,-3.52635046e-18,7.75197694e-08,3.00322462e-16,4.43887381e-16,2.52216409e-14,1.14829597e-30,-2.04233447e-18,1.02832318e-30,2.59126753e-13,0.999994482,2.21227498e-08,3.73527474e-09,1.00146809e-13,3.00768257e-13,1.41300664e-22,-9.63028789e-15,1.18922298e-13,-3.92816153e-15,6.89254593e-10,-1.94035079e-19,9.84999684e-11,3.57313496e-15,1.41082614e-11,1.93756556e-18,3.00500911e-13,7.35853175e-14,-1.1886718e-14,5.78643354e-14,-6.22627938e-15,1.28765302e-11,-7.97546613e-30,4.27885499e-11,2.5386415e-14,-5.81447524e-14,2.35309105e-14,1.21404837e-17,3.18399773e-12,1.74923578e-17,4.79777424e-20,1.8050303e-14,1.85309725e-15,8.7763092e-13,-3.927887e-19,2.79313852e-07,4.63029086e-17,7.59612657e-17,1.30096551e-13,2.15228227e-16,3.9463886e-15
0.0045,0.146196304,9.2411422,-251.284305,300.005508,0.65162412,1.39073153e-05,-8.66738326e-15,-3.52270845e-15,6.99311221e-10,-2.1950432e-18,4.94264391e-07,1.89079315e-15,8.33173375e-15,2.48785232e-14,2.20726982e-31,-1.74548572e-18,-1.60607336e-30,1.214886e-12,0.999983629,1.42753321e-07,2.99850674e-08,1.00016152e-13,2.524062e-12,2.27759116e-21,-9.52968852e-15,1.00788728e-12,-5.0541867e-16,5.40827698e-09,-1.329042e-18,7.99415711e-10,3.07748944e-14,1.2212431e-10,1.10155514e-17,2.53091613e-12,6.891486e-13,-1.17487165e-14,5.70808338e-14,-6.07980718e-15,8.36054344e-11,-4.4712958e-29,2.76694074e-10,1.86518532e-13,-3.03865929e-14,2.41434646e-14,5.51124743e-17,2.71670499e-11,1.50997148e-16,4.77742511e-20,8.31029549e-13,1.49481977e-14,7.0736145e-12,-1.75218214e-18,1.78942404e-06,4.63020254e-17,7.62419965e-16,1.49454879e-13,2.0192103e-15,6.46208143e-15
0.004875,0.138990278,10.0113649,-251.284305,300.015412,0.651561743,2.3179456e-05,-7.59583129e-15,-2.5487171e-15,2.06792874e-09,-1.56131551e-18,1.46268281e-06,5.52928238e-15,2.67865574e-14,2.43579105e-14,1.22980841e-30,-1.11487486e-18,-5.41023087e-30,3.68926816e-12,0.999969486,4.26277905e-07,1.05976333e-07,9.98179702e-14,9.22789925e-12,1.10366497e-20,-9.29673444e-15,3.71796243e-12,-7.91653562e-17,1.87737751e-08,-3.95466185e-18,2.84899879e-09,1.15029082e-13,4.57891544e-10,2.96682071e-17,9.9878629e-12,2.74716549e-12,-1.15350099e-14,5.59325763e-14,-5.83387272e-15,2.50823007e-10,-1.16380375e-28,8.27991881e-10,6.15073857e-13,5.01383019e-14,2.55941493e-14,1.1690353e-16,1.00923682e-10,5.70465927e-16,4.74310926e-20,3.19371933e-12,5.300538e-14,2.50799479e-11,-2.81255584e-18,5.31454394e-06,4.63013565e-17,3.36022729e-15,2.22915421e-13,8.08716962e-15,1.49185703e-14
0.00525,0.131220772,10.7818472,-251.284305,300.046195,0.651427114,3.89971604e-05,-6.05180082e-15,-1.47230458e-15,6.59637785e-09,-8.06829731e-19,4.66962921e-06,1.74694582e-14,8.82746735e-14,2.31670581e-14,8.05177504e-31,1.02049482e-18,-1.04723044e-29,1.19510016e-11,0.999937415,1.37474617e-06,4.12636491e-07,9.93243944e-14,3.73033872e-11,5.27469672e-20,-8.38428557e-15,1.51818503e-11,-7.65969158e-18,7.16483089e-08,-1.16430379e-17,1.11959326e-08,4.76618342e-13,1.9050978e-09,8.47045796e-17,4.4317666e-11,1.22217391e-11,-1.10358637e-14,5.33930332e-14,-5.21853712e-15,8.1313995e-10,-2.97390966e-28,2.67682591e-09,2.21669651e-12,3.76313715e-13,3.04678788e-14,2.54928279e-16,4.15431812e-10,2.37944448e-15,4.65592301e-20,1.27620738e-11,2.07128342e-13,9.80004846e-11,-1.91938743e-18,1.70355527e-05,4.63008032e-17,1.67721421e-14,6.0313031e-13,3.61395232e-14,5.40446036e-14
0.005625,0.122905035,11.5530839,-251.284305,300.138185,0.651120632,6.53532079e-05,-3.86642016e-15,-2.53453866e-17,2.09921366e-08,4.20569696e-19,1.48723109e-05,5.50942003e-14,2.85081318e-13,2.07047838e-14,1.95831329e-31,8.05468597e-18,1.71194254e-29,3.80306215e-11,0.99985892,4.42257284e-06,1.59779296e-06,9.83260204e-14,1.49846437e-10,2.36468706e-19,-4.80769159e-15,6.15914612e-11,-4.41109925e-19,2.72031802e-07,-2.60591692e-17,4.3746217e-08,1.96146237e-12,7.87415612e-09,2.41060996e-16,1.95402187e-10,5.39191139e-11,-9.98150985e-15,4.82572528e-14,-3.72921443e-15,2.62932422e-09,-6.08900432e-28,8.63242813e-09,7.95575592e-12,1.64206529e-12,4.61844373e-14,5.15285428e-16,1.69876824e-09,9.83137076e-15,4.45073201e-20,4.98703383e-11,8.04852476e-13,3.80799847e-10,1.42621965e-17,5.44760176e-05,4.63012155e-17,8.2874766e-14,2.48169103e-12,1.60070429e-13,2.27086328e-13
0.006,0.114082364,12.3264448,-251.284305,300.401146,0.650395754,0.000108135216,-8.36269167e-16,2.02018047e-15,6.47374321e-08,3.38482101e-18,4.589598e-05,1.6840865e-13,8.8714112e-13,1.63386707e-14,1.16102712e-30,2.95435063e-17,4.60513994e-28,1.16376332e-10,0.999656135,1.37825543e-05,5.95950783e-06,9.73548135e-14,5.79166915e-10,9.832963e-19,8.76875018e-15,2.40357073e-10,-1.47983307e-20,9.95459704e-07,-5.20281723e-18,1.64603931e-07,7.7619682e-12,3.12938739e-08,6.6528482e-16,8.27222008e-10,2.28293322e-10,-8.06867727e-15,3.91787734e-14,-2.5758891e-16,8.23417493e-09,-4.06601174e-28,2.6966022e-08,2.75656099e-11,6.32071303e-12,9.45770372e-14,8.80716224e-16,6.68060545e-09,3.89895896e-14,4.01746085e-20,1.86908584e-10,3.01220636e-12,1.42514912e-09,9.08374539e-17,0.000168790029,4.6304549e-17,3.9195921e-13,1.12864326e-11,6.80095965e-13,9.54240836e-13
0.006375,0.104838131,13.1054895,-251.284305,301.115738,0.648660958,0.000175570576,3.26017757e-15,4.36158623e-15,1.91024519e-07,1.61942995e-17,0.000135487208,4.93666774e-13,2.63657819e-12,1.02256766e-14,1.47614172e-29,8.71609555e-17,5.71061151e-27,3.39840489e-10,0.999121849,4.10838901e-05,2.11400754e-05,1.01431264e-13,2.12661222e-09,3.76046103e-18,5.78179429e-14,8.90857151e-10,-2.85115532e-22,3.46642264e-06,3.91144279e-16,5.88881595e-07,2.91660208e-11,1.18077674e-07,1.74957291e-15,3.31935659e-09,9.16090769e-10,-5.31412899e-15,2.61095481e-14,7.49670003e-15,2.46557839e-08,4.95195324e-27,8.05660593e-08,9.10330728e-11,2.26794204e-11,2.35909318e-13,1.13899506e-15,2.49468186e-08,1.46527409e-13,3.23360103e-20,6.65464078e-10,1.07205756e-11,5.0721306e-09,3.05285228e-16,0.000500360739,4.63141652e-17,1.75258417e-12,5.01316712e-11,2.73699959e-12,3.83606296e-12
0.00675,0.0953426754,13.8986605,-251.284305,302.946896,0.644589834,0.000278326058,8.72329274e-15,5.77781622e-15,5.34579864e-07,9.81548241e-17,0.000379106929,1.38614091e-12,7.42597245e-12,4.2681347e-15,8.2577598e-29,2.14342728e-16,7.57405628e-26,9.41502632e-10,0.99773433,0.000116105655,7.06492964e-05,1.32712067e-13,7.34677444e-09,1.31579472e-17,2.24003479e-13,3.10572743e-09,-3.2937013e-24,1.1379409e-05,2.92046323e-15,1.98415892e-06,1.03085705e-10,4.1893833e-07,4.3404744e-15,1.2500007e-08,3.44983209e-09,-2.50512045e-15,1.23475396e-14,2.39861429e-14,6.99442537e-08,4.00708243e-26,2.2818412e-07,2.83878533e-10,7.62897458e-11,6.23969223e-13,9.39975771e-16,8.75991648e-08,5.16434572e-13,2.09875434e-20,2.23133004e-09,3.59428849e-11,1.70052574e-08,6.1430453e-16,0.00140673205,4.63330757e-17,7.33501443e-12,2.09797012e-10,1.03300715e-11,1.45015854e-11
0.0069375,0.090623991,14.3077158,-251.284305,304.822743,0.640652031,0.000347666704,1.23270193e-14,6.02141611e-15,9.04985703e-07,2.69935557e-16,0.000641407854,2.3936417e-12,1.26175262e-11,2.16750987e-15,1.75950804e-28,3.22947642e-16,3.1982405e-25,1.58745317e-09,0.996264483,0.000197691149,0.000133028255,1.85800668e-13,1.4117897e-08,2.54330828e-17,4.39625447e-13,6.00217414e-09,1.61798252e-26,2.11927374e-05,7.41129256e-15,3.75472683e-06,2.01080226e-10,8.18804509e-07,6.96896151e-15,2.53690293e-08,7.00151134e-09,-1.4493717e-15,7.02966382e-15,3.84865352e-14,1.19300198e-07,1.03773372e-25,3.89020226e-07,5.12316711e-10,1.44140352e-10,1.04453193e-12,6.90098918e-16,1.70053735e-07,1.00260474e-12,1.49940805e-20,4.20989195e-09,6.78127362e-11,3.20834338e-08,6.88301092e-16,0.00238828135,4.63451783e-17,1.59524607e-11,4.56461095e-10,2.0989178e-11,2.95133882e-11
0.007125,0.0860423589,14.7334146,-251.284305,307.918899,0.634422034,0.000431843275,1.69090874e-14,6.30476451e-15,1.54153999e-06,7.61181614e-16,0.00109114512,4.22040163e-12,2.15771256e-11,8.82316695e-16,3.74477624e-28,4.93279598e-16,1.46105278e-24,2.69604525e-09,0.993750257,0.000338862754,0.000254351475,3.02688501e-13,2.75941861e-08,5.05504935e-17,8.67599197e-13,1.18054041e-08,4.64947759e-26,4.0037379e-05,1.8247255e-14,7.21779508e-06,3.99772592e-10,1.63101021e-06,1.14933161e-14,5.26666988e-08,1.45352959e-08,-7.40920982e-16,3.41780646e-15,5.9813019e-14,2.04747094e-07,2.75590566e-25,6.67728557e-07,9.35080517e-10,2.7660094e-10,1.76985149e-12,4.06466583e-16,3.36098152e-07,1.98015423e-12,9.47592769e-21,8.06698373e-09,1.29941182e-10,6.14774598e-08,6.35436668e-16,0.00408172237,4.63515634e-17,3.57684307e-11,1.0239473e-09,4.36323503e-11,6.14642248e-11
0.0073125,0.0816989086,15.1849617,-251.284305,312.867652,0.624920306,0.000532235662,2.33079189e-14,7.55961382e-15,2.59937275e-06,2.08682871e-15,0.00183555932,7.53790675e-12,3.65267719e-11,2.75734483e-16,8.49997523e-28,7.97132657e-16,6.73443204e-24,4.54556346e-09,0.989570548,0.000575042137,0.000481338836,5.42312571e-13,5.33527528e-08,1.02406088e-16,1.67868591e-12,2.29697217e-08,5.2485424e-26,7.48658293e-05,4.38699161e-14,1.37306295e-05,7.87076381e-10,3.21544019e-06,1.97446608e-14,1.08167289e-07,2.9852676e-08,-3.42157287e-16,1.50518271e-15,9.0378852e-14,3.4753099e-07,7.80885345e-25,1.13464046e-06,1.68886262e-09,5.25328947e-10,2.97757545e-12,1.83133579e-16,6.57055817e-07,3.86339026e-12,5.14855163e-21,1.52993347e-08,2.46436959e-10,1.16593587e-07,4.64102702e-16,0.00690836872,4.63363739e-17,7.93710077e-11,2.27231132e-09,8.97575878e-11,1.26638303e-10
0.0075,0.0776967031,15.6744573,-251.284305,320.493288,0.61109494,0.000649444968,3.34681287e-14,1.12872105e-14,4.29087259e-06,5.3677684e-15,0.00301828035,1.36291231e-11,6.05241868e-11,6.42120003e-17,2.21243315e-27,1.42389205e-15,2.97955399e-23,7.54054548e-09,0.982860781,0.000955192688,0.000887506211,1.00676445e-12,1.00340931e-07,2.13505604e-16,3.13156372e-12,4.34634411e-08,2.28606394e-25,0.000136465048,1.04627398e-13,2.54381512e-05,1.50897929e-09,6.16603829e-06,3.59797576e-14,2.15626168e-07,5.95097443e-08,-1.47279788e-16,8.97545148e-16,1.32914867e-13,5.76528613e-07,2.47767199e-24,1.88710398e-06,2.97625468e-09,9.71944026e-10,4.90855072e-12,6.05449531e-17,1.24876499e-06,7.31468334e-12,2.35268292e-21,2.82677211e-08,4.55326602e-10,2.15422814e-07,2.6313818e-16,0.0114520402,4.6269525e-17,1.7058794e-10,4.8801835e-09,1.79323664e-10,2.53223618e-10
0.0076875,0.074113558,16.2160207,-251.284305,331.763591,0.592115009,0.000782838423,5.19032269e-14,1.9709958e-14,6.87865725e-06,1.26618337e-14,0.00481010998,2.50111675e-11,9.73715611e-11,1.10487327e-17,6.86935716e-27,2.81452786e-15,1.23235528e-22,1.2244338e-08,0.972528531,0.00154055801,0.00157803286,1.86575598e-12,1.81554424e-07,4.66859516e-16,5.55910588e-12,7.90992321e-08,1.44131988e-24,0.000240041069,2.52962066e-13,4.5417637e-05,2.78799522e-09,1.13750243e-05,7.0169575e-14,4.12281797e-07,1.13783636e-07,-5.91862653e-17,1.30101016e-15,1.90177248e-13,9.26736633e-07,9.22950541e-24,3.04701609e-06,5.06825259e-09,1.73368098e-09,7.85382104e-12,1.43129733e-17,2.28152634e-06,1.32791984e-11,9.0995254e-22,5.03569248e-08,8.11131135e-10,3.83759966e-07,1.21969737e-16,0.0184487073,4.61019832e-17,3.50674868e-10,1.00126915e-08,3.43997405e-10,4.85573305e-10
0.007875,0.0709644881,16.8235127,-251.284305,347.657647,0.56778263,0.000930176799,8.93050921e-14,3.6448714e-14,1.06446268e-05,2.70617775e-14,0.00738146936,4.66441727e-11,1.51178407e-10,1.42598374e-18,2.52600812e-26,5.91649237e-15,4.7695372e-22,1.94133482e-08,0.957363804,0.00239790301,0.00268596692,3.39601277e-12,3.13573241e-07,1.090003e-15,9.28135872e-12,1.37365443e-07,1.00135446e-23,0.000404509092,6.31615461e-13,7.75625508e-05,4.92971833e-09,2.00308748e-05,1.45343569e-13,7.49845289e-07,2.06945505e-07,-2.15027508e-17,3.1628651e-15,2.64559391e-13,1.43409833e-06,4.14519377e-23,4.7473578e-06,8.27967276e-09,2.95937305e-09,1.21085302e-11,2.39967121e-18,3.97526559e-06,2.29006258e-11,3.56885387e-22,8.58554217e-08,1.38292855e-09,6.54287022e-07,6.14183035e-17,0.0287155691,4.57651406e-17,6.83623343e-10,1.94502254e-08,6.28688585e-10,8.85514388e-10
0.0080625,0.0681676747,17.5070557,-251.284305,368.961416,0.538855869,0.00108754699,1.71856192e-13,6.77512249e-14,1.58331635e-05,5.23612455e-14,0.0108579197,8.80465251e-11,2.25544413e-10,1.42881803e-19,1.06334909e-25,1.26403563e-14,1.80248593e-21,3.00392213e-08,0.93625786,0.0035865917,0.00435432762,6.06130132e-12,5.14177262e-07,2.74270117e-15,1.44214663e-11,2.26394113e-07,7.37802789e-23,0.000649762617,1.63822948e-12,0.0001260392,8.30507996e-09,3.34885685e-05,3.12857888e-13,1.28981652e-06,3.55967571e-07,-6.84175893e-18,8.75476734e-15,3.57886681e-13,2.12673505e-06,2.21927319e-22,7.10636421e-06,1.2906451e-08,4.80945595e-09,1.78867675e-11,2.86832938e-19,6.56888616e-06,3.72156698e-11,3.31921814e-22,1.39374764e-07,2.24500245e-09,1.06214882e-06,5.74790915e-17,0.0430111423,4.51783111e-17,1.25606018e-09,3.55448605e-08,1.08859599e-09,1.52684641e-09
0.00825,0.0655363976,18.2694871,-251.284305,396.068596,0.507000306,0.00124976774,3.65011833e-13,1.23512692e-13,2.25832919e-05,9.25622071e-14,0.0152741709,1.66350045e-10,3.22570791e-10,1.16367458e-20,4.87771719e-25,2.64299879e-14,7.2805006e-21,4.54109141e-08,0.908478558,0.00514266426,0.00670492903,1.0686991e-11,7.98137895e-07,7.40700933e-15,2.06878328e-11,3.53080662e-07,5.5009107e-22,0.00099213315,4.36680565e-12,0.000194341882,1.33047609e-08,5.29970801e-05,6.78634715e-13,2.09170789e-06,5.77272535e-07,-1.78298957e-18,2.49232784e-14,4.71968513e-13,3.0154191e-06,1.34625005e-21,1.01956516e-05,1.91315049e-08,7.42066129e-09,2.5210729e-11,2.54692785e-20,1.02641599e-05,5.65528714e-11,8.82279359e-22,2.1483155e-07,3.46044643e-09,1.63719597e-06,9.32936156e-17,0.0618585507,4.42653445e-17,2.16631039e-09,6.08770471e-08,1.77927452e-09,2.48109081e-09
0.0084375,0.0628110059,19.1043144,-251.284305,428.898609,0.474299983,0.00141120918,8.29486237e-13,2.16568621e-13,3.08786275e-05,1.51602861e-13,0.0205502637,3.0909498e-10,4.4211706e-10,8.09085297e-22,2.29215191e-24,5.24104106e-14,3.35864335e-20,6.72120481e-08,0.873890759,0.0070664928,0.00980449652,1.87319614e-11,1.17269411e-06,2.10283229e-14,2.73016316e-11,5.21010024e-07,3.90875391e-21,0.00143963362,1.16644396e-11,0.000284273777,2.02781181e-08,7.93635679e-05,1.43227503e-12,3.19724187e-06,8.82371402e-07,7.80638055e-20,6.94241345e-14,6.1072147e-13,4.08797612e-06,8.57503952e-21,1.40155253e-05,2.69284295e-08,1.08672189e-08,3.38065589e-11,5.4975441e-21,1.51639245e-05,7.96125041e-11,2.88531592e-21,3.14336534e-07,5.06327512e-09,2.39552111e-06,1.83145016e-16,0.0854006395,4.29753069e-17,3.49863527e-09,9.76218265e-08,2.73873814e-09,3.79758451e-09
0.008625,0.0597187715,19.9960706,-251.284305,466.981206,0.442621055,0.00156672292,1.93336507e-12,3.58394726e-13,4.05394487e-05,2.32901046e-13,0.0265040135,5.52974403e-10,5.81662811e-10,5.0291402e-23,1.03279744e-23,9.62395576e-14,1.66126278e-19,9.76770194e-08,0.833021645,0.00931989138,0.0136432152,3.22345897e-11,1.63487797e-06,6.06575686e-14,3.31896904e-11,7.29169875e-07,2.49991779e-20,0.00198915454,3.01708476e-11,0.000395322043,2.94716627e-08,0.000112699927,2.84461895e-12,4.61738054e-06,1.27428223e-06,2.02074541e-18,1.82304111e-13,7.84650708e-13,5.31074556e-06,5.28730898e-20,1.8489309e-05,3.59999393e-08,1.51358705e-08,4.30414363e-11,1.81431612e-20,2.12342935e-05,1.02239433e-10,9.07235957e-21,4.37491845e-07,7.04711214e-09,3.33410661e-06,3.87817348e-16,0.113349386,4.12980649e-17,5.27835899e-09,1.46833916e-07,3.96138954e-09,5.48479862e-09
0.0088125,0.0560301745,20.9227147,-251.284305,509.642338,0.413210465,0.00171233993,4.42350466e-12,5.50767843e-13,5.12590262e-05,3.38145991e-13,0.0328925232,9.32681487e-10,7.3681522e-10,2.90886114e-24,4.20036321e-23,1.61072354e-13,7.71907713e-19,1.39853308e-07,0.786953564,0.0118336305,0.0181347642,5.19617911e-11,2.17191051e-06,1.71430764e-13,3.72296639e-11,9.72039083e-07,1.38086034e-19,0.00262682232,7.29254606e-11,0.000524702265,4.09513692e-08,0.000152363995,5.18299689e-12,6.32814325e-06,1.7463738e-06,8.04303731e-18,4.40606758e-13,1.01789994e-12,6.63616178e-06,2.94624601e-19,2.34785984e-05,4.5774698e-08,2.0125247e-08,5.19286903e-11,7.14781025e-20,2.83085123e-05,1.16240592e-10,2.57337667e-20,5.81400858e-07,9.36535821e-09,4.43090314e-06,8.45038057e-16,0.14504289,3.92678837e-17,7.39384529e-09,2.0794674e-07,5.36280739e-09,7.49732113e-09
0.009,0.051588116,21.8589609,-251.284305,556.178995,0.386649545,0.00184556879,9.58528007e-12,7.77523384e-13,6.26653127e-05,4.67215661e-13,0.039461985,1.45936121e-09,9.02193811e-10,1.63969753e-25,1.47098233e-22,2.43225006e-13,3.07395827e-18,1.98053298e-07,0.737108602,0.0145213365,0.0231354872,7.27766482e-11,2.76417602e-06,4.61558078e-13,3.8294588e-11,1.24087299e-06,6.48129233e-19,0.00333105925,1.6002016e-10,0.000667986742,5.44450882e-08,0.000197101939,8.54904614e-12,8.2762285e-06,2.28391617e-06,3.014247e-17,9.6823346e-13,1.35677758e-12,8.01260164e-06,1.41689032e-18,2.88112799e-05,5.54684185e-08,2.56670445e-08,5.92502601e-11,2.4421852e-19,3.61265857e-05,1.10532671e-10,6.33872657e-20,7.41315102e-07,1.19416149e-08,5.64975899e-06,1.80822013e-15,0.179573647,3.69548485e-17,9.4536206e-09,2.78668143e-07,6.73717408e-09,9.72614143e-09
0.0091875,0.0463088307,22.7794819,-251.284305,605.959133,0.363025368,0.00196533403,1.92627441e-11,1.0057423e-12,7.43835324e-05,6.26339133e-13,0.0459874317,2.10486552e-09,1.07232952e-09,1.91921392e-26,4.3212498e-22,3.30056228e-13,1.01179681e-17,2.78587746e-07,0.685013435,0.0172941778,0.0284728469,8.32070387e-11,3.38924038e-06,1.16564608e-12,3.55869384e-11,1.52551519e-06,2.64491127e-18,0.00407683666,3.1371348e-10,0.000819997224,6.90551022e-08,0.000245309428,1.27782687e-11,1.03908322e-05,2.86734645e-06,1.11961638e-16,1.9268873e-12,1.87752573e-12,9.39275564e-06,5.76110516e-18,3.43109673e-05,6.42026274e-08,3.15577426e-08,6.39101913e-11,7.6943842e-19,4.43898745e-05,8.05596325e-11,1.32434809e-19,9.11587332e-07,1.46850266e-08,6.94767342e-06,3.6809746e-15,0.215935275,3.44493228e-17,1.05768175e-08,3.55253701e-07,7.72386284e-09,1.19879317e-08
0.009375,0.0401667957,23.6613763,-251.284305,658.449284,0.342143791,0.00207169788,3.58224388e-11,1.20322494e-12,8.60828604e-05,8.57910231e-13,0.0522947387,2.80698514e-09,1.24227576e-09,3.93193277e-26,1.07002355e-21,4.05796141e-13,2.76296364e-17,3.90782178e-07,0.63210843,0.0200722614,0.0339729105,7.83944873e-11,4.02545525e-06,2.74625878e-12,2.96768809e-11,1.81607251e-06,1.02091207e-17,0.00483961929,5.50199549e-10,0.000975638409,8.29560953e-08,0.000295306727,1.75989647e-11,1.25965875e-05,3.4758603e-06,4.20572216e-16,3.48106956e-12,2.69325324e-12,1.07386876e-05,1.98883125e-17,3.98196451e-05,7.11544914e-08,3.75893381e-08,6.55770296e-11,2.56157754e-18,5.28103757e-05,4.26713547e-11,2.32260114e-19,1.08658408e-06,1.75049606e-08,8.28173067e-06,7.13819235e-15,0.253147594,3.18457822e-17,9.47390817e-09,4.33016561e-07,7.83111967e-09,1.40212484e-08
0.0095625,0.0331759337,24.4856993,-251.284305,713.201323,0.323692519,0.00216550812,6.24825624e-11,1.3592297e-12,9.75016336e-05,1.3224916e-12,0.0582662335,3.4714297e-09,1.40760913e-09,1.25551263e-25,2.31560391e-21,4.62848785e-13,6.46964598e-17,5.48114089e-07,0.57962683,0.0227911788,0.0394805438,6.62226937e-11,4.65437446e-06,6.00839515e-12,2.26234291e-11,2.10407518e-06,4.25966975e-17,0.00559812468,8.77934665e-10,0.00113048165,9.33954735e-08,0.000345552865,2.30243813e-11,1.48237563e-05,4.09029445e-06,1.60314685e-15,5.76155487e-12,3.96708174e-12,1.20235763e-05,5.96084194e-17,4.52104658e-05,7.56916957e-08,4.35723371e-08,6.52469261e-11,9.91283293e-18,6.11436601e-05,1.89481092e-11,3.38634504e-19,1.26134471e-06,2.03216148e-08,9.61409881e-06,1.36454235e-14,0.290341797,2.92303407e-17,6.05170314e-09,5.06975017e-07,6.63158438e-09,1.5523474e-08
0.00975,0.0253737933,25.2381233,-251.284305,769.826447,0.307338237,0.00224806841,1.04106079e-10,1.48701275e-12,0.000108453714,2.52382096e-12,0.0638353519,3.96777362e-09,1.56316068e-09,3.7881241e-25,4.61192741e-21,5.06748109e-13,1.36885941e-16,7.69911598e-07,0.528541039,0.0254040921,0.0448704932,5.51437005e-11,5.26188921e-06,1.20139442e-11,1.63313349e-11,2.38303543e-06,2.04421117e-16,0.00633570245,1.30534787e-09,0.00128105659,9.72420962e-08,0.000394769787,2.96860545e-11,1.70139135e-05,4.6948768e-06,6.0454126e-15,8.87521428e-12,5.94337346e-12,1.32310844e-05,1.594525e-16,5.03915995e-05,7.74669081e-08,4.93491692e-08,6.50442536e-11,4.18448154e-17,6.92038149e-05,9.04096546e-12,4.01455889e-19,1.43192937e-06,2.30716562e-08,1.09146631e-05,2.6818556e-14,0.326804826,2.66734967e-17,3.00836889e-09,5.72627005e-07,4.30574595e-09,1.62741292e-08
0.0099375,0.0168105786,25.9089193,-251.284305,827.971698,0.292773683,0.00232087744,1.6856578e-10,1.61816272e-12,0.000118822146,5.89430993e-12,0.0689760257,4.16825669e-09,1.69936255e-09,1.25006041e-24,8.96409872e-21,5.55275817e-13,2.79968862e-16,1.08517933e-06,0.479559062,0.0278806853,0.0500505947,4.8268641e-11,5.83837623e-06,2.12774649e-11,1.15327041e-11,2.64851343e-06,1.0402862e-15,0.00704057866,1.85647084e-09,0.00142490472,9.22081993e-08,0.000441982952,3.90840258e-11,1.91218169e-05,5.27790972e-06,2.17480627e-14,1.29675143e-11,9.01284541e-12,1.43534673e-05,3.90706613e-16,5.53038802e-05,7.64703035e-08,5.47989295e-08,6.73305441e-11,1.72443195e-16,7.68642982e-05,4.97548018e-12,3.85608643e-19,1.59550336e-06,2.57096797e-08,1.21616595e-05,5.51741303e-14,0.361991311,2.4227592e-17,1.57596778e-09,6.2662471e-07,2.05897646e-09,1.63036777e-08
0.010125,0.00754245699,26.4924949,-251.284305,887.304401,0.279734548,0.0023854473,2.69435089e-10,1.80103149e-12,0.000128546432,1.5233166e-11,0.0736909754,4.02939926e-09,1.7959559e-09,6.00059984e-24,1.82102552e-20,6.41635423e-13,5.98149587e-16,1.53807771e-06,0.433151404,0.0302044265,0.0549596257,4.58436968e-11,6.37826045e-06,3.22840323e-11,8.17602309e-12,2.89788413e-06,5.08273275e-15,0.00770537218,2.5949266e-09,0.00156047563,7.89266505e-08,0.000486501466,5.40520069e-11,2.11162614e-05,5.83169853e-06,7.2963936e-14,1.82743616e-11,1.38453245e-11,1.53893025e-05,8.97852234e-16,5.99151968e-05,7.30221044e-08,5.98354505e-08,7.39578995e-11,6.62548095e-16,8.40503623e-05,3.09178523e-12,3.2973358e-19,1.75024811e-06,2.82069581e-08,1.33409872e-05,1.18077912e-13,0.395514083,2.19275686e-17,9.49243105e-10,6.67193897e-07,8.5368708e-10,1.58710376e-08
0.0105,-0.0128752933,27.3995283,-251.284305,1008.57891,0.257333847,0.00249511418,6.57867079e-10,2.47556232e-12,0.000146037279,9.94705653e-11,0.0819412053,3.05426976e-09,1.77139225e-09,1.23737039e-22,1.03781747e-19,1.20625179e-12,3.57884665e-15,3.03220354e-06,0.348863377,0.0343818263,0.0638609232,5.15264201e-11,7.34301274e-06,4.8507614e-11,4.39719559e-12,3.34531598e-06,8.85538935e-14,0.00890424637,4.96129421e-09,0.00180453283,4.42271621e-08,0.000566123986,1.16208931e-10,2.47119902e-05,6.83891805e-06,4.76021608e-13,3.32746372e-11,3.20913823e-11,1.72159283e-05,3.99604208e-15,6.82131535e-05,6.07248071e-08,6.85202277e-08,1.02712793e-10,7.12400334e-15,9.69140176e-05,1.58838641e-12,3.12355727e-19,2.03045243e-06,3.27374444e-08,1.54743942e-05,4.87325078e-13,0.456790552,1.78230644e-17,4.55484171e-10,7.09377988e-07,2.27637991e-10,1.4378541e-08
0.010875,-0.0354454181,27.968212,-251.284305,1131.89352,0.238699671,0.00258655155,1.71222072e-09,4.4463801e-12,0.000161059099,6.00794605e-10,0.088845195,2.52245083e-09,1.1937543e-09,3.56393557e-21,1.60074002e-18,5.36994662e-12,3.42546009e-14,6.32017725e-06,0.276338505,0.0379588295,0.0714924627,7.99111182e-11,8.16828866e-06,6.58567847e-11,4.13249097e-12,3.72745121e-06,1.1260635e-12,0.0099279633,1.02737598e-08,0.002011895,3.34845202e-08,0.000631399721,3.03524609e-10,2.77498511e-05,7.71465136e-06,2.24732823e-12,5.94106879e-11,8.13511323e-11,1.87558706e-05,1.66245184e-14,7.53301347e-05,4.60442803e-08,7.51454985e-08,1.66707799e-10,6.03290471e-14,0.000107809679,1.30163657e-12,1.02628487e-18,2.27119537e-06,3.66675607e-08,1.73001318e-05,1.97881381e-12,0.509770054,1.44049665e-17,3.10614685e-10,7.15501854e-07,1.07123839e-10,1.27811835e-08
0.0110625,-0.0473928124,28.1361076,-251.284305,1193.28213,0.230607422,0.00262751717,2.97869247e-09,6.85721284e-12,0.000167761831,1.49233974e-09,0.0918841425,2.57684448e-09,8.74453878e-10,3.60599413e-20,9.52707546e-18,1.58999497e-11,1.27260714e-13,9.72240211e-06,0.244216895,0.0395475803,0.0748668451,1.14250397e-10,8.54834764e-06,8.60383154e-11,5.4218655e-12,3.89931963e-06,3.80942103e-12,0.0103801986,1.56246947e-08,0.00210274429,3.70829194e-08,0.000657749819,5.42677109e-10,2.90683707e-05,8.11828093e-06,4.23989801e-12,8.16430079e-11,1.41396333e-10,1.94359055e-05,3.51483742e-14,7.84963939e-05,3.88604381e-08,7.76376651e-08,2.25505661e-10,1.71948471e-13,0.000112600019,1.47834277e-12,3.1745778e-18,2.37847775e-06,3.8467655e-08,1.81071152e-05,4.17662559e-12,0.533257253,1.29328483e-17,2.99672646e-10,7.07175685e-07,9.04048075e-11,1.20271812e-08
0.01125,-0.0597104651,28.2338704,-251.284305,1254.20459,0.223198531,0.00266613471,5.29149661e-09,1.12750237e-11,0.000173985873,3.64428737e-09,0.0946878281,2.83302339e-09,6.32331815e-10,3.03008751e-19,6.05217482e-17,4.9722726e-11,4.79938937e-13,1.51423654e-05,0.214676569,0.041015993,0.0779678853,1.71765325e-10,8.92044427e-06,1.19559162e-10,8.12184811e-12,4.06181785e-06,1.22406329e-11,0.0107959579,2.37755771e-08,0.00218551513,4.62927455e-08,0.000679145821,9.93987387e-10,3.02598333e-05,8.50991693e-06,7.20520568e-12,1.12089339e-10,2.5045144e-10,2.0063649e-05,7.4256017e-14,8.14270926e-05,3.19790655e-08,7.95729585e-08,3.07741792e-10,4.73218758e-13,0.000116992759,1.87613631e-12,1.11810414e-17,2.47806029e-06,4.02003224e-08,1.88490264e-05,8.74870181e-12,0.55484334,1.16050934e-17,3.08062637e-10,6.90270211e-07,8.32712368e-11,1.13160095e-08
0.0114375,-0.0723443248,28.266811,-251.284305,1314.39758,0.216407186,0.00270285752,9.68867935e-09,2.00283938e-11,0.000179784857,8.85980918e-09,0.0972836787,3.29734256e-09,4.91847752e-10,2.47309991e-18,3.93021399e-16,1.56082919e-10,1.80759333e-12,2.40602233e-05,0.187546488,0.0423742254,0.0808152939,2.7259941e-10,9.30764423e-06,1.79129718e-10,1.35226714e-11,4.22008271e-06,3.8014446e-11,0.011177941,3.67508295e-08,0.00226043392,6.4672321e-08,0.000694140664,1.88251034e-09,3.13323988e-05,8.90773582e-06,1.1152221e-11,1.54141689e-10,4.57357213e-10,2.06441805e-05,1.58658296e-13,8.41440529e-05,2.55306782e-08,8.09248251e-08,4.2326497e-10,1.27872135e-12,0.00012102068,2.64177933e-12,4.28161692e-17,2.57117202e-06,4.19351757e-08,1.95311202e-05,1.84936333e-11,0.574638465,1.04094897e-17,3.38019856e-10,6.63229218e-07,8.39655345e-11,1.06591278e-08
0.011625,-0.0852413002,28.2400663,-251.284305,1373.61657,0.210176059,0.00273801579,1.82102292e-08,3.82539637e-11,0.000185219659,2.14295453e-08,0.0996955568,3.97073473e-09,4.21083886e-10,1.88999494e-17,2.53571566e-15,4.79073819e-10,6.6736989e-12,3.88028942e-05,0.162653341,0.0436317145,0.0834284667,4.53743029e-10,9.75064336e-06,2.9008791e-10,2.4190616e-11,4.38262461e-06,1.14437871e-10,0.011528365,5.81099339e-08,0.00232741175,9.94093672e-08,0.000700422452,3.65898539e-09,3.23031619e-05,9.34273236e-06,1.58155332e-11,2.11908498e-10,8.56280835e-10,2.11814377e-05,3.4225905e-13,8.66701643e-05,1.96307122e-08,8.16646762e-08,5.83945218e-10,3.39620431e-12,0.000124712257,4.02902427e-12,1.71834245e-16,2.65948816e-06,4.37909656e-08,2.01589846e-05,3.93139247e-11,0.592760531,9.3340072e-18,3.91882203e-10,6.2571434e-07,9.22557452e-11,1.00721348e-08
0.01171875,-0.0917704518,28.2056092,-251.284305,1402.77418,0.207258112,0.00275505194,2.53084799e-08,5.44227779e-11,0.000187830812,3.34064151e-08,0.100839614,4.38773014e-09,4.01109352e-10,6.12906271e-17,6.50155877e-15,8.39015467e-10,1.28225773e-11,4.96720532e-05,0.150983509,0.044225849,0.0846542896,5.98378392e-10,1.00220555e-05,3.83101988e-10,3.31338574e-11,4.47124904e-06,1.97343007e-10,0.0116921589,7.41984937e-08,0.00235761945,1.27829955e-07,0.000699002876,5.19063322e-09,3.27660917e-05,9.59539414e-06,1.8237776e-11,2.48676839e-10,1.19162929e-09,2.14346015e-05,5.0676027e-13,8.78718092e-05,1.69358942e-08,8.17918078e-08,6.87091085e-10,5.5325265e-12,0.000126439517,5.1116719e-12,3.54847027e-16,2.70283871e-06,4.48457935e-08,2.04550129e-05,5.78972392e-11,0.601238609,8.83722837e-18,4.31224197e-10,6.04406855e-07,1.0025464e-10,9.81528432e-09
0.0118125,-0.0983461059,28.1578269,-251.284305,1431.60279,0.204461109,0.0027717551,3.51637951e-08,7.80822134e-11,0.000190383414,5.17229817e-08,0.101944979,4.85294351e-09,3.88294558e-10,1.82318613e-16,1.64770397e-14,1.45421752e-09,2.43216143e-11,6.33663744e-05,0.139816901,0.0447976922,0.085827533,7.93799607e-10,1.0340514e-05,5.14529003e-10,4.55776392e-11,4.56732084e-06,3.36138886e-10,0.0118481989,9.49782306e-08,0.00238541623,1.66287903e-07,0.000694043948,7.35321442e-09,3.32227291e-05,9.88098623e-06,2.06768955e-11,2.91035495e-10,1.65610732e-09,2.16775531e-05,7.47553063e-13,8.90362521e-05,1.44322089e-08,8.17582488e-08,8.0618126e-10,8.92713693e-12,0.00012808832,6.52524117e-12,7.31922632e-16,2.74605566e-06,4.60223943e-08,2.07398149e-05,8.48097321e-11,0.609338329,8.3664864e-18,4.76926189e-10,5.82322925e-07,1.10570111e-10,9.58825645e-09
0.01190625,-0.104962124,28.0972915,-251.284305,1460.07913,0.201779464,0.00278810867,4.88042628e-08,1.12752332e-10,0.000192894462,7.94910614e-08,0.103013775,5.36559853e-09,3.81259193e-10,5.31863534e-16,4.13109714e-14,2.49725525e-09,4.55426443e-11,8.04449733e-05,0.12913372,0.0453481667,0.0869503324,1.05908683e-09,1.07247813e-05,7.03178017e-10,6.28311359e-11,4.67416105e-06,5.65440168e-10,0.0119962433,1.21844306e-07,0.0024104689,2.1816008e-07,0.000685012272,1.04090549e-08,3.3686263e-05,1.02120477e-05,2.31031915e-11,3.39524101e-10,2.29928565e-09,2.19101716e-05,1.09804101e-12,9.01686662e-05,1.21390267e-08,8.15668338e-08,9.42594394e-10,1.42686096e-11,0.00012965904,8.35708497e-12,1.50978845e-15,2.78970852e-06,4.73703346e-08,2.10144743e-05,1.23656313e-10,0.617074788,7.92054441e-18,5.29199838e-10,5.60626274e-07,1.23629752e-10,9.39808917e-09
0.012,-0.111612644,28.0245538,-251.284305,1488.18346,0.199207639,0.00280407003,6.75619335e-08,1.63460451e-10,0.000195385991,1.2113289e-07,0.104047962,5.92688047e-09,3.79513432e-10,1.52627234e-15,1.02291464e-13,4.24510334e-09,8.40595807e-11,0.000101454077,0.118915157,0.0458781215,0.0880247358,1.42051714e-09,1.11988284e-05,9.77241466e-10,8.66257284e-11,4.79569932e-06,9.38545341e-10,0.0121357705,1.56477925e-07,0.00243227177,2.87536275e-07,0.00067141019,1.47099108e-08,3.41747877e-05,1.06038184e-05,2.55132156e-11,3.94827522e-10,3.18510613e-09,2.21320866e-05,1.60386638e-12,9.12755833e-05,1.00740758e-08,8.12248989e-08,1.09788585e-09,2.25688015e-11,0.000131150597,1.07050455e-11,3.10719377e-15,2.83451732e-06,4.89509212e-08,2.12802691e-05,1.79268791e-10,0.624462856,7.49810557e-18,5.8791109e-10,5.40524388e-07,1.39896543e-10,9.25409448e-09
0.01209375,-0.118292211,27.9401433,-251.284305,1515.90086,0.19673999,0.00281956115,9.31467896e-08,2.37366941e-10,0.000197887032,1.8283227e-07,0.10504934,6.54004324e-09,3.83068249e-10,4.30288178e-15,2.49564077e-13,7.13255397e-09,1.52637618e-10,0.000126881695,0.109143633,0.0463883228,0.0890527094,1.91486773e-09,1.17925253e-05,1.37899412e-09,1.19240274e-10,4.93631716e-06,1.53581722e-09,0.0122658709,2.00887047e-07,0.00245007819,3.79170702e-07,0.000652822933,2.07311666e-08,3.4711996e-05,1.1074188e-05,2.79386701e-11,4.57865002e-10,4.39592916e-09,2.23426035e-05,2.32654499e-12,9.23654367e-05,8.25126697e-09,8.07457344e-08,1.27391444e-09,3.52900288e-11,0.000132560015,1.36757714e-11,6.3609129e-15,2.88138726e-06,5.0837854e-08,2.153873e-05,2.58106921e-10,0.631517113,7.09793084e-18,6.52621182e-10,5.22916815e-07,1.59912008e-10,9.16841866e-09
0.0121875,-0.124995948,27.8445683,-251.284305,1543.22301,0.194370599,0.00283445612,1.27723475e-07,3.44631679e-10,0.000200436181,2.73102982e-07,0.106019562,7.2107043e-09,3.9226757e-10,1.18980185e-14,5.98397183e-13,1.18232925e-08,2.72138881e-10,0.000157104535,0.0998030675,0.0468794376,0.0900361499,2.5941006e-09,1.2541961e-05,1.97109673e-09,1.63661861e-10,5.1004997e-06,2.47586132e-09,0.0123851057,2.57421038e-07,0.002462817,4.98255833e-07,0.000628970275,2.91145678e-08,3.53274525e-05,1.16432744e-05,3.04534842e-11,5.29953676e-10,6.03668593e-09,2.25406082e-05,3.34766174e-12,9.34492381e-05,6.67829817e-09,8.0150152e-08,1.47311082e-09,5.45060912e-11,0.000133881896,1.73810505e-11,1.29118301e-14,2.93144442e-06,5.31167923e-08,2.1791697e-05,3.68701142e-10,0.638251804,6.7188399e-18,7.22631121e-10,5.08039898e-07,1.84316524e-10,9.15667847e-09
0.01228125,-0.131719791,27.7383166,-251.284305,1570.15029,0.192093074,0.00284856576,1.7399653e-07,4.99655374e-10,0.0002030849,4.0351471e-07,0.106960141,7.9470895e-09,4.07724684e-10,3.22200661e-14,1.4067435e-12,1.93004637e-08,4.75579734e-10,0.000192331548,0.0908792081,0.0473520088,0.0909769069,3.53192362e-09,1.3489176e-05,2.84481801e-09,2.23794484e-10,5.29226253e-06,3.93019008e-09,0.0124913285,3.28750092e-07,0.00246900127,6.49983075e-07,0.000599756462,4.07256192e-08,3.60562248e-05,1.23325546e-05,3.31841095e-11,6.13054904e-10,8.23952461e-09,2.27244468e-05,4.77379461e-12,9.45413948e-05,5.35462156e-09,7.94681282e-08,1.69887392e-09,8.31065808e-11,0.000135107814,2.19329828e-11,2.59089471e-14,2.98606943e-06,5.58835968e-08,2.20413703e-05,5.22195217e-10,0.644680801,6.35971143e-18,7.97022492e-10,4.95247975e-07,2.13861736e-10,9.23868125e-09
0.012375,-0.138460767,27.6218557,-251.284305,1596.69427,0.189900345,0.00286161944,2.35306894e-07,7.22901418e-10,0.000205901742,5.89637644e-07,0.107872453,8.76026339e-09,4.30314269e-10,8.53504373e-14,3.23576595e-12,3.09765852e-08,8.13549572e-10,0.000232550211,0.0823599821,0.0478064164,0.0918768191,4.83264453e-09,1.46811189e-05,4.13027553e-09,3.04726951e-10,5.51436647e-06,6.14217491e-09,0.01258147,4.17787212e-07,0.00246664534,8.38868263e-07,0.000565311479,5.67317328e-08,3.69377064e-05,1.31635499e-05,3.63301942e-11,7.10122519e-10,1.11692309e-08,2.28917734e-05,6.74231366e-12,9.56606621e-05,4.27037062e-09,7.87404893e-08,1.95610008e-09,1.25055256e-10,0.000136225653,2.74387435e-11,5.12558784e-14,3.04692562e-06,5.92412862e-08,2.22903401e-05,7.3303797e-10,0.650817572,6.01948268e-18,8.74684193e-10,4.83039405e-07,2.49414874e-10,9.43925111e-09
0.01246875,-0.145217326,27.4956341,-251.284305,1622.88042,0.187784471,0.00287324503,3.15745331e-07,1.0436439e-09,0.000208977695,8.5230739e-07,0.108757747,9.66448312e-09,4.61206866e-10,2.21010471e-13,7.27172416e-12,4.88217434e-08,1.36117722e-09,0.000277482082,0.0742358673,0.0482428208,0.0927377657,6.64266932e-09,1.61677535e-05,6.00864905e-09,4.13070458e-10,5.7674017e-06,9.45131556e-09,0.012651285,5.27524161e-07,0.00245321676,1.0678647e-06,0.000526017334,7.87086783e-08,3.80135757e-05,1.4156164e-05,4.0206511e-11,8.25587077e-10,1.50298126e-08,2.30393626e-05,9.42833111e-12,9.68312195e-05,3.4066819e-09,7.80206258e-08,2.25186603e-09,1.85719344e-10,0.00013721892,3.39961219e-11,9.97566871e-14,3.11597839e-06,6.32961659e-08,2.25415861e-05,1.01990182e-09,0.656675152,5.69714868e-18,9.54312285e-10,4.69340938e-07,2.91952685e-10,9.78920712e-09
0.0125625,-0.151989693,27.3600823,-251.284305,1648.75083,0.185736471,0.00288294871,4.20293949e-07,1.50423847e-09,0.000212432971,1.21937796e-06,0.109617142,1.06778561e-08,5.01946978e-10,5.59381681e-13,1.59531188e-11,7.55100542e-08,2.22685534e-09,0.000326553565,0.0665002315,0.048661079,0.0935617412,9.16498811e-09,1.79994195e-05,8.7262899e-09,5.57376687e-10,6.04889915e-06,1.4324217e-08,0.0126950751,6.60751719e-07,0.00242565833,1.33734729e-06,0.000482515066,1.08785554e-07,3.93250189e-05,1.53268738e-05,4.53242791e-11,9.66033109e-10,2.00728867e-08,2.31628777e-05,1.30533278e-11,9.80838538e-05,2.7375048e-09,7.73762822e-08,2.59631235e-09,2.72297907e-10,0.00013806607,4.16915444e-11,1.90718887e-13,3.19550295e-06,6.81540272e-08,2.27984285e-05,1.40695593e-09,0.662266107,5.39176097e-18,1.0343783e-09,4.51960671e-07,3.42543693e-10,1.03265845e-08
0.01265625,-0.158780216,27.2156142,-251.284305,1674.36651,0.183746232,0.00289009664,5.55016615e-07,2.16697325e-09,0.000216425664,1.72823867e-06,0.110451628,1.18235196e-08,5.5458539e-10,1.38467477e-12,3.41634454e-11,1.14589042e-07,3.56308941e-09,0.000378886309,0.0591495865,0.049060628,0.0943509544,1.26772413e-08,2.02237857e-05,1.26109234e-08,7.48655266e-10,6.35268543e-06,2.13942198e-08,0.0127054032,8.19644312e-07,0.00238051913,1.64411652e-06,0.000435691118,1.49843603e-07,4.09095485e-05,1.66869935e-05,5.25447078e-11,1.14116444e-09,2.66089296e-08,2.32565875e-05,1.78964298e-11,9.94572322e-05,2.23257165e-09,7.68915476e-08,3.00381444e-09,3.94397416e-10,0.000138739883,5.06029736e-11,3.57884908e-13,3.28807913e-06,7.39176184e-08,2.30644172e-05,1.92570302e-09,0.667602496,5.10242587e-18,1.11307743e-09,4.29069499e-07,4.02321756e-10,1.10982709e-08
0.01275,-0.165593653,27.0626286,-251.284305,1699.80906,0.181802521,0.00289390156,7.27337081e-07,3.12543299e-09,0.000221162979,2.42955403e-06,0.111262058,1.31316464e-08,6.218883e-10,3.35660886e-12,7.1460171e-11,1.70687174e-07,5.58026203e-09,0.000433310071,0.052183691,0.0494403238,0.0951079579,1.75548354e-08,2.28829586e-05,1.80910243e-08,1.00103826e-09,6.6687101e-06,3.15125268e-08,0.012672837,1.00521721e-06,0.00231422629,1.98062782e-06,0.000386644587,2.0579453e-07,4.27979766e-05,1.82411496e-05,6.33673279e-11,1.3652196e-09,3.50231528e-08,2.33130186e-05,2.43101405e-11,0.000100999259,1.86086081e-09,7.66693045e-08,3.49459825e-09,5.64838222e-10,0.000139206923,6.0811249e-11,6.59081951e-13,3.39657311e-06,8.06865147e-08,2.33431374e-05,2.61772525e-09,0.67269581,4.82828156e-18,1.18828871e-09,3.99590599e-07,4.72463229e-10,1.21623773e-08
0.01284375,-0.172437331,26.9015104,-251.284305,1725.18098,0.179893134,0.0028934171,9.464785e-07,4.52404827e-09,0.000226916168,3.39301809e-06,0.112049144,1.46427508e-08,7.07665011e-10,7.98406356e-12,1.46204441e-10,2.49795645e-07,8.56505124e-09,0.000488400329,0.0456054387,0.0497982243,0.0958358134,2.43027272e-08,2.60114875e-05,2.57214838e-08,1.33271206e-09,6.98352635e-06,4.58152981e-08,0.0125857698,1.21671743e-06,0.002223509,2.33469062e-06,0.000336638259,2.81983407e-07,4.50122858e-05,1.99858694e-05,8.04755827e-11,1.65911957e-09,4.57989005e-08,2.3322528e-05,3.2743932e-11,0.000102768541,1.59377552e-09,7.68345742e-08,4.09707434e-09,8.0084108e-10,0.000139427088,7.24258139e-11,1.19191973e-12,3.52410656e-06,8.85599131e-08,2.36379097e-05,3.53892247e-09,0.677556904,4.56863377e-18,1.25760347e-09,3.63431995e-07,5.54196476e-10,1.35919144e-08
0.0129375,-0.17932111,26.7326324,-251.284305,1750.60416,0.178005252,0.00288754234,1.22419643e-06,6.59306254e-09,0.000234041069,4.7165308e-06,0.112813445,1.6413004e-08,8.17283434e-10,1.86733737e-11,2.93234186e-10,3.59699007e-07,1.2907196e-08,0.000542545758,0.0394204807,0.0501313032,0.0965382978,3.36039566e-08,2.9636109e-05,3.62227525e-08,1.76738805e-09,7.2815051e-06,6.58141341e-08,0.0124303827,1.45107697e-06,0.00210595141,2.68989732e-06,0.000287035146,3.85786005e-07,4.75653123e-05,2.19078351e-05,1.08774552e-10,2.05382758e-09,5.95524198e-08,2.32727699e-05,4.37818943e-11,0.000104836011,1.40743488e-09,7.75394716e-08,4.85132992e-09,1.12585737e-09,0.000139353248,8.56353492e-11,2.11971975e-12,3.67401138e-06,9.76416941e-08,2.39513441e-05,4.76615268e-09,0.682195906,4.32248519e-18,1.31850138e-09,3.21543135e-07,6.48893668e-10,1.54807708e-08
0.01303125,-0.186257035,26.5563566,-251.284305,1776.21575,0.176126003,0.00287503827,1.57589118e-06,9.71162503e-09,0.00024300753,6.54054848e-06,0.113555355,1.85220508e-08,9.58440778e-10,4.29106396e-11,5.78166663e-10,5.10622476e-07,1.91399332e-08,0.000594072139,0.0336365485,0.0504350696,0.0972201601,4.63981227e-08,3.37781342e-05,5.05416174e-08,2.33672625e-09,7.54673546e-06,9.35108024e-08,0.0121908229,1.70253075e-06,0.00196060442,3.02713058e-06,0.000239216432,5.27437213e-07,5.0463415e-05,2.39809283e-05,1.57260881e-10,2.59561047e-09,7.7078563e-08,2.31480303e-05,5.82001445e-11,0.000107286874,1.28385156e-09,7.89709049e-08,5.81453962e-09,1.57227553e-09,0.000138930898,1.0079827e-10,3.71416e-12,3.84976332e-06,1.08045236e-07,2.42846872e-05,6.40633276e-09,0.686622131,4.08932052e-18,1.36875352e-09,2.7578983e-07,7.58262253e-10,1.7953671e-08
0.013078125,-0.189749695,26.4655355,-251.284305,1789.14867,0.17518491,0.00286577289,1.78678349e-06,1.1865719e-08,0.000248432387,7.70604262e-06,0.113918118,1.97505762e-08,1.04494995e-09,6.56802395e-11,8.08831191e-10,6.06059771e-07,2.32032976e-08,0.000618362164,0.0308981306,0.0505734773,0.0975558965,5.45361505e-08,3.60564254e-05,5.9556267e-08,2.68625062e-09,7.66178232e-06,1.11099442e-07,0.0120322713,1.83288607e-06,0.00187768972,3.18332308e-06,0.000216445697,6.17940312e-07,5.20486352e-05,2.50592451e-05,1.94930502e-10,2.94845537e-09,8.76605916e-08,2.30496147e-05,6.70346239e-11,0.000108697713,1.24137835e-09,8.00531868e-08,6.40913839e-09,1.85598181e-09,0.000138563231,1.09373308e-10,4.90190968e-12,3.9489037e-06,1.13801823e-07,2.44586953e-05,7.43533991e-09,0.688759265,3.97734069e-18,1.3897885e-09,2.52319082e-07,8.1974382e-10,1.94797933e-08
0.013125,-0.193260639,26.3729755,-251.284305,1802.18343,0.17424146,0.00285432957,2.02520747e-06,1.45679209e-08,0.000254580581,9.08434784e-06,0.114275342,2.11164768e-08,1.14432158e-09,1.00056004e-10,1.12867259e-09,7.17579708e-07,2.80514526e-08,0.000641419208,0.0282643301,0.0507017962,0.0978888662,6.41135908e-08,3.84749568e-05,7.0067332e-08,3.08800151e-09,7.76361491e-06,1.31702076e-07,0.011845726,1.96448804e-06,0.00178837037,3.3280111e-06,0.000194608275,7.24382595e-07,5.37242872e-05,2.61567076e-05,2.45677553e-10,3.37036346e-09,9.96485291e-08,2.29242232e-05,7.71675142e-11,0.00011024591,1.21072617e-09,8.14136422e-08,7.094562e-09,2.18942413e-09,0.000138082991,1.18777356e-10,6.45460172e-12,4.0558848e-06,1.19941932e-07,2.4636972e-05,8.6343924e-09,0.690845809,3.8683962e-18,1.4079268e-09,2.28850645e-07,8.8616134e-10,2.12265192e-08
0.013171875,-0.196791568,26.27872,-251.284305,1815.33759,0.173294445,0.00284052396,2.29598687e-06,1.7994975e-08,0.000261569514,1.07225371e-05,0.114627028,2.26487017e-08,1.2592439e-09,1.52556881e-10,1.57305936e-09,8.48154192e-07,3.38435866e-08,0.000663068304,0.0257362993,0.0508187654,0.0982201203,7.54269428e-08,4.10388885e-05,8.23540834e-08,3.55160357e-09,7.85112102e-06,1.55841081e-07,0.0116288687,2.09639751e-06,0.00169315113,3.45917032e-06,0.000173843933,8.50269527e-07,5.54927043e-05,2.72634688e-05,3.15091661e-10,3.88005866e-09,1.1328182e-07,2.27683847e-05,8.88358197e-11,0.000111947697,1.1912117e-09,8.3092155e-08,7.89237542e-09,2.58276962e-09,0.000137480877,1.29247955e-10,8.49057102e-12,4.17108821e-06,1.26484076e-07,2.48187052e-05,1.00398996e-08,0.69288268,3.7624086e-18,1.42339802e-09,2.05738828e-07,9.58362667e-10,2.32289898e-08
0.01321875,-0.200344081,26.1828119,-251.284305,1828.62751,0.172342861,0.00282416713,2.60518082e-06,2.23932487e-08,0.00026953835,1.26806897e-05,0.11497316,2.43841873e-08,1.39314076e-09,2.33371984e-10,2.19244808e-09,1.00146765e-06,4.077945e-08,0.000683172189,0.0233151435,0.0509228862,0.0985508579,8.88559769e-08,4.37552208e-05,9.67663785e-08,4.08926255e-09,7.92356851e-06,1.84137649e-07,0.0113793955,2.22773546e-06,0.00159268131,3.57522695e-06,0.000154271317,1.00001283e-06,5.73577239e-05,2.83672724e-05,4.11278263e-10,4.50239699e-09,1.288545e-07,2.25781473e-05,1.02337086e-10,0.000113820969,1.18251043e-09,8.51342442e-08,8.83072068e-09,3.04876431e-09,0.000136746922,1.41127807e-10,1.11705998e-11,4.29484294e-06,1.3344653e-07,2.50026757e-05,1.16975187e-08,0.694870734,3.65930155e-18,1.43662631e-09,1.83314173e-07,1.03746864e-09,2.55301474e-08
0.013265625,-0.203919588,26.085293,-251.284305,1842.06777,0.171385957,0.00280506469,2.96068006e-06,2.81159441e-08,0.00027865367,1.5037592e-05,0.115313712,2.6371212e-08,1.55047944e-09,3.58869186e-10,3.06021738e-09,1.18225596e-06,4.9116995e-08,0.00070162917,0.0210019136,0.0510123728,0.098882454,1.04900821e-07,4.66333671e-05,1.13758898e-07,4.71690599e-09,7.98062065e-06,2.17351192e-07,0.0110950543,2.35780241e-06,0.00148774175,3.67507592e-06,0.000135984802,1.1793073e-06,5.9324883e-05,2.94529694e-05,5.4634102e-10,5.2712402e-09,1.46737504e-07,2.23489816e-05,1.18056964e-10,0.000115885551,1.18465184e-09,8.75919992e-08,9.94702726e-09,3.60388194e-09,0.000135870389,1.54922335e-10,1.47193775e-11,4.42739206e-06,1.40846496e-07,2.51871356e-05,1.36663975e-08,0.696810762,3.55900061e-18,1.44825255e-09,1.61871128e-07,1.1250258e-09,2.81827545e-08
0.0133125,-0.207519216,25.9862048,-251.284305,1855.67032,0.170423296,0.00278301532,3.37291092e-06,3.56758748e-08,0.00028911714,1.78973184e-05,0.115648643,2.86739161e-08,1.73716537e-09,5.55643228e-10,4.284563e-09,1.39665924e-06,5.91935168e-08,0.000718379114,0.0187976013,0.0510850885,0.0992164947,1.24230347e-07,4.96856795e-05,1.33928236e-07,5.4555502e-09,8.02229678e-06,2.56412853e-07,0.0107736846,2.4861939e-06,0.00137922221,3.75814164e-06,0.000119050288,1.39560658e-06,6.14014636e-05,3.05019413e-05,7.38600787e-10,6.23361957e-09,1.67406818e-07,2.20756603e-05,1.36503245e-10,0.000118163558,1.19802894e-09,9.05251135e-08,1.12922323e-08,4.26963043e-09,0.000134839621,1.71383697e-10,1.94546821e-11,4.56884501e-06,1.48698789e-07,2.53696476e-05,1.60237682e-08,0.698703494,3.46143318e-18,1.45913472e-09,1.41653505e-07,1.22315598e-09,3.12518174e-08
0.0133359375,-0.209328348,25.9360824,-251.284305,1862.53605,0.169939753,0.00277080088,3.60557979e-06,4.04005827e-08,0.000294953173,1.95649734e-05,0.115814012,2.99779102e-08,1.84447733e-09,6.97159841e-10,5.0826301e-09,1.51948152e-06,6.50427521e-08,0.000726115776,0.0177365269,0.0511141553,0.0993852201,1.35443313e-07,5.12842978e-05,1.4549987e-07,5.87665066e-09,8.03744379e-06,2.78579981e-07,0.0105981714,2.55035074e-06,0.00132395096,3.79350605e-06,0.000111102055,1.52148951e-06,6.24850225e-05,3.10043235e-05,8.66809189e-10,6.81281239e-09,1.79029104e-07,2.19200027e-05,1.46997103e-10,0.000119392968,1.20926366e-09,9.21978896e-08,1.20787771e-08,4.65431324e-09,0.000134260907,1.81056964e-10,2.24244697e-11,4.64293439e-06,1.52802117e-07,2.54589461e-05,1.73875328e-08,0.699632604,3.41363737e-18,1.46482576e-09,1.32068469e-07,1.27756299e-09,3.29749736e-08
0.013359375,-0.211143757,25.8855804,-251.284305,1869.44518,0.169454772,0.00275776746,3.85828977e-06,4.59091904e-08,0.000301226829,2.14165642e-05,0.115977948,3.13973323e-08,1.96245342e-09,8.767174e-10,6.03854501e-09,1.65408534e-06,7.15126767e-08,0.000733408528,0.0167031891,0.0511379859,0.0995552873,1.47855833e-07,5.29328215e-05,1.58198623e-07,6.337159e-09,8.04879832e-06,3.02689363e-07,0.0104125926,2.61418738e-06,0.0012681497,3.82456593e-06,0.000103502501,1.66077615e-06,6.35991512e-05,3.14884463e-05,1.02196074e-09,7.46875796e-09,1.91604464e-07,2.17508652e-05,1.58455865e-10,0.000120685718,1.22366631e-09,9.40168519e-08,1.29522684e-08,5.07857351e-09,0.000133638435,1.91901801e-10,2.58859089e-11,4.71919846e-06,1.57023192e-07,2.55463776e-05,1.88919463e-08,0.700550079,3.36650235e-18,1.47071707e-09,1.22851011e-07,1.33588512e-09,3.48349062e-08
0.0133828125,-0.212965439,25.8347035,-251.284305,1876.39801,0.168968425,0.00274388536,4.13379948e-06,5.23742154e-08,0.000307979202,2.34800576e-05,0.116140437,3.29490491e-08,2.0926474e-09,1.1064402e-09,7.18830509e-09,1.80204332e-06,7.86897589e-08,0.000740243264,0.0156977275,0.0511561655,0.0997269819,1.61647118e-07,5.46335565e-05,1.72181561e-07,6.84249991e-09,8.05635246e-06,3.28959263e-07,0.0102167191,2.6777806e-06,0.00121194701,3.85121259e-06,9.62496679e-05,1.81536256e-06,6.47445736e-05,3.19506769e-05,1.21108673e-09,8.21535244e-09,2.05245975e-07,2.1567306e-05,1.71012212e-10,0.00012204549,1.24141345e-09,9.59919632e-08,1.39264705e-08,5.54805407e-09,0.000132970349,2.04190399e-10,2.99396968e-11,4.79757122e-06,1.61362827e-07,2.56313181e-05,2.05575737e-08,0.701455994,3.32001935e-18,1.47691422e-09,1.14010618e-07,1.39873509e-09,3.68445885e-08
0.01340625,-0.214793347,25.7834569,-251.284305,1883.39442,0.168480816,0.00272912328,4.43533536e-06,6.00100562e-08,0.000315256565,2.57880912e-05,0.116301462,3.46529874e-08,2.23688366e-09,1.40248785e-09,8.57692805e-09,1.96515651e-06,8.66741313e-08,0.000746603906,0.0147202888,0.0511682339,0.0999006154,1.7702845e-07,5.63888972e-05,1.87629571e-07,7.39894722e-09,8.06006516e-06,3.5763256e-07,0.0100103354,2.74125471e-06,0.00115547165,3.87331679e-06,8.93393533e-05,1.98745123e-06,6.59217973e-05,3.23870449e-05,1.44319225e-09,9.06938772e-09,2.20082994e-07,2.13683004e-05,1.84821665e-10,0.000123476238,1.26271802e-09,9.81337708e-08,1.50177968e-08,6.06931912e-09,0.000132254665,2.18266031e-10,3.47084982e-11,4.87795771e-06,1.65821409e-07,2.57130396e-05,2.24083962e-08,0.702350419,3.27417971e-18,1.48350254e-09,1.0555209e-07,1.46682478e-09,3.90182681e-08
0.0134296875,-0.216627373,25.7318452,-251.284305,1890.43388,0.167992092,0.00271344799,4.76669721e-06,6.90892678e-08,0.000323111271,2.83794876e-05,0.116461004,3.65327269e-08,2.39732517e-09,1.78674765e-09,1.02614548e-08,2.14551213e-06,9.55829261e-08,0.000752468461,0.0137710339,0.0511736781,0.100076529,1.94251637e-07,5.82012192e-05,2.04753804e-07,8.01382918e-09,8.05984046e-06,3.8898504e-07,0.00979324056,2.80474313e-06,0.00109885162,3.8906854e-06,8.27651858e-05,2.17960424e-06,6.71309389e-05,3.27932144e-05,1.72997474e-09,1.00512563e-08,2.36262878e-07,2.11527318e-05,2.00067723e-10,0.000124982215,1.28783411e-09,1.00453374e-07,1.62456985e-08,6.65012218e-09,0.000131489254,2.34566864e-10,4.0344949e-11,4.96022766e-06,1.70398803e-07,2.57906931e-05,2.44726446e-08,0.70323342,3.22897484e-18,1.490526e-09,9.74756723e-08,1.54098586e-09,4.13714899e-08
0.013453125,-0.218467349,25.6798732,-251.284305,1897.51532,0.167502445,0.0026968238,5.13237599e-06,7.99618963e-08,0.000331602859,3.13007391e-05,0.116619039,3.86162711e-08,2.57654779e-09,2.28918033e-09,1.2314595e-08,2.34553329e-06,1.05553396e-07,0.0007578051,0.012850144,0.0511719246,0.100255098,2.13617794e-07,6.00727372e-05,2.23801233e-07,8.69571334e-09,8.05550207e-06,4.23331198e-07,0.00956524993,2.86837554e-06,0.00104221325,3.90302203e-06,7.65186871e-05,2.39480465e-06,6.83715071e-05,3.31644638e-05,2.08677651e-09,1.11857944e-08,2.53952752e-07,2.09193821e-05,2.16967703e-10,0.000126568015,1.31706301e-09,1.02962362e-07,1.7633167e-08,7.29967353e-09,0.000130671808,2.53656942e-10,4.70402361e-11,5.04420807e-06,1.75094278e-07,2.58632873e-05,2.67837302e-08,0.704105057,3.18439622e-18,1.49796488e-09,8.97771737e-08,1.62219329e-09,4.39210673e-08
0.0134765625,-0.22031303,25.6275455,-251.284305,1904.63712,0.167012115,0.00267921206,5.53768719e-06,9.30813892e-08,0.000340799393,3.46077373e-05,0.116775537,4.09369786e-08,2.77762895e-09,2.95113292e-09,1.48294792e-08,2.56802496e-06,1.16746091e-07,0.000762567776,0.0119578274,0.0511623296,0.100436737,2.35487602e-07,6.20053078e-05,2.45060002e-07,9.45459434e-09,8.04676294e-06,4.61029159e-07,0.0093261972,2.93226041e-06,0.000985680423,3.90988378e-06,7.05893729e-05,2.63652393e-06,6.96421337e-05,3.34956685e-05,2.53387121e-09,1.2503291e-08,2.73340948e-07,2.06669217e-05,2.35779438e-10,0.000128238613,1.35076039e-09,1.05672713e-07,1.92072983e-08,8.02894643e-09,0.000129799812,2.76266744e-10,5.50348471e-11,5.12967436e-06,1.7990641e-07,2.59296653e-05,2.93813027e-08,0.704965388,3.14043536e-18,1.50570699e-09,8.24482134e-08,1.71158932e-09,4.66849697e-08
0.0135,-0.222164083,25.5748666,-251.284305,1911.79696,0.166521403,0.00266057053,5.98892181e-06,1.0904008e-07,0.000350779106,3.83678567e-05,0.116930462,4.35346765e-08,3.00425394e-09,3.83005e-09,1.79258614e-08,2.81621502e-06,1.29348034e-07,0.000766691187,0.0110943282,0.0511441667,0.100621904,2.60293289e-07,6.40001623e-05,2.68864526e-07,1.03020805e-08,8.03318934e-06,5.0248477e-07,0.00907593658,2.99645835e-06,0.000929374159,3.91063285e-06,6.49649243e-05,2.90879407e-06,7.09402389e-05,3.37812836e-05,3.09821343e-09,1.40406849e-08,2.94637743e-07,2.03939004e-05,2.5680897e-10,0.000129999419,1.38934526e-09,1.08596639e-07,2.09998804e-08,8.85103613e-09,0.000128870492,3.03346391e-10,6.46321812e-11,5.21634e-06,1.8483298e-07,2.59884755e-05,3.2312457e-08,0.705814463,3.09708383e-18,1.51351185e-09,7.54766566e-08,1.81050849e-09,4.9682082e-08
0.0135234375,-0.224020076,25.521841,-251.284305,1918.99176,0.166030673,0.00264085265,6.49351589e-06,1.28618208e-07,0.000361632422,4.26624686e-05,0.11708377,4.6456986e-08,3.26084242e-09,5.00618006e-09,2.17581709e-08,3.0937848e-06,1.43575628e-07,0.000770085036,0.0102599346,0.0511166132,0.100811111,2.8855241e-07,6.60575481e-05,2.95599829e-07,1.12515636e-08,8.01415967e-06,5.48154216e-07,0.00881434582,3.06094478e-06,0.000873412445,3.90438428e-06,5.9631452e-05,3.21628246e-06,7.2261624e-05,3.40153281e-05,3.81582053e-09,1.58429606e-08,3.18074926e-07,2.00987391e-05,2.80419298e-10,0.000131856329,1.43331093e-09,1.11746361e-07,2.30479586e-08,9.78157894e-09,0.000127880769,3.36134962e-10,7.62156578e-11,5.30384423e-06,1.89870822e-07,2.60381387e-05,3.56331056e-08,0.706652325,3.05433326e-18,1.52096735e-09,6.88472785e-08,1.92050296e-09,5.29317776e-08
0.013546875,-0.225880455,25.4684729,-251.284305,1926.21753,0.165540361,0.00262000684,7.0602373e-06,1.52852077e-07,0.000373464458,4.75899574e-05,0.117235409,4.97608933e-08,3.55269808e-09,6.59209488e-09,2.65258668e-08,3.40487963e-06,1.59676831e-07,0.000772627695,0.00945498863,0.0510787329,0.101004928,3.20883334e-07,6.81762622e-05,3.25704196e-07,1.23183434e-08,7.98881836e-06,5.98544011e-07,0.00854133015,3.12556033e-06,0.000817910603,3.88995301e-06,5.45738708e-05,3.56436605e-06,7.35999842e-05,3.41913714e-05,4.73500557e-09,1.79647366e-08,3.43903595e-07,1.97797243e-05,3.07040151e-10,0.000133815786,1.48323841e-09,1.15133795e-07,2.53943082e-08,1.08392358e-08,0.000126827181,3.76249498e-10,9.02699258e-11,5.3917378e-06,1.95015648e-07,2.60768098e-05,3.94095105e-08,0.70747901,3.01217526e-18,1.52743989e-09,6.25426813e-08,2.0433667e-09,5.64532217e-08
0.0135703125,-0.227744529,25.4147664,-251.284305,1933.46924,0.16505099,0.0025979756,7.69938601e-06,1.83129379e-07,0.00038639811,5.32693028e-05,0.117385312,5.35146002e-08,3.88618319e-09,8.74611587e-09,3.24865606e-08,3.75408524e-06,1.77931865e-07,0.000774159553,0.008679895,0.0510294562,0.101203995,3.58021997e-07,7.0353052e-05,3.59668742e-07,1.35196648e-08,7.95602658e-06,6.54206728e-07,0.00825682761,3.1899474e-06,0.000762982176,3.86580581e-06,4.97763957e-05,3.95919932e-06,7.49463382e-05,3.43025215e-05,5.92073591e-09,2.04720108e-08,3.72389387e-07,1.94350064e-05,3.3717866e-10,0.000135884851,1.53981291e-09,1.18770119e-07,2.80877156e-08,1.204624e-08,0.000125705797,4.25796682e-10,1.07406614e-10,5.47946646e-06,2.00261787e-07,2.61023334e-05,4.37199467e-08,0.708294548,2.97060148e-18,1.53202058e-09,5.65444765e-08,2.18115563e-09,6.02642967e-08
0.01359375,-0.229611446,25.3607256,-251.284305,1940.74068,0.164563178,0.00257469467,8.4230008e-06,2.21323206e-07,0.000400577897,5.98442852e-05,0.117533403,5.77996867e-08,4.26891938e-09,1.16910527e-08,3.99723006e-08,4.14635007e-06,1.98651404e-07,0.000774476533,0.00793513038,0.0509675559,0.101409029,4.00839008e-07,7.25818607e-05,3.98031872e-07,1.48746037e-08,7.91431202e-06,7.15730168e-07,0.00796081605,3.25347232e-06,0.000708740441,3.83002693e-06,4.52231693e-05,4.40776781e-06,7.62883785e-05,3.43414162e-05,7.46044741e-09,2.34439783e-08,4.03804224e-07,1.90626054e-05,3.71430602e-10,0.000138071273,1.60384412e-09,1.22665203e-07,3.118293e-08,1.34290031e-08,0.000124512098,4.87508003e-10,1.2839466e-10,5.5663519e-06,2.05601841e-07,2.61121951e-05,4.8656438e-08,0.709098954,2.92960356e-18,1.53347309e-09,5.08347332e-08,2.33619928e-09,6.43800047e-08
0.0136171875,-0.231480165,25.3063542,-251.284305,1948.02425,0.16407765,0.00255009211,9.24506086e-06,2.6998129e-07,0.000416174731,6.74883437e-05,0.117679589,6.27136104e-08,4.71001336e-09,1.57399502e-08,4.94091704e-08,4.58682727e-06,2.22170753e-07,0.000773324536,0.00722125014,0.0508916186,0.101620839,4.50355426e-07,7.48528983e-05,4.41365902e-07,1.64037135e-08,7.86182211e-06,7.83717014e-07,0.00765332259,3.31513387e-06,0.00065530058,3.78030953e-06,4.08990151e-05,4.91791531e-06,7.76097537e-05,3.43002197e-05,9.47167802e-09,2.69747666e-08,4.38413466e-07,1.86604248e-05,4.10491711e-10,0.000140383564,1.67629129e-09,1.26826859e-07,3.4740102e-08,1.50187601e-08,0.000123240835,5.64894323e-10,1.54194423e-10,5.65157021e-06,2.11026203e-07,2.61034661e-05,5.43264567e-08,0.709892236,2.88917311e-18,1.53019276e-09,4.53976552e-08,2.51109681e-09,6.88101668e-08
0.013640625,-0.233349428,25.2516558,-251.284305,1955.31072,0.16359526,0.00252408751,1.01816658e-05,3.3259411e-07,0.000433391869,7.64100828e-05,0.117823758,6.83725579e-08,5.22030386e-09,2.13306752e-08,6.13398224e-08,5.08060375e-06,2.48838114e-07,0.000770395851,0.0065388924,0.0508000116,0.101840333,5.07754405e-07,7.7151522e-05,4.90252325e-07,1.81283173e-08,7.79628637e-06,8.58751275e-07,0.00733443615,3.37346169e-06,0.000602782502,3.71398903e-06,3.6790297e-05,5.49832817e-06,7.88893056e-05,3.41706265e-05,1.21118643e-08,3.11748307e-08,4.76457366e-07,1.82262796e-05,4.55168251e-10,0.000142831077,1.75829412e-09,1.3125989e-07,3.88234885e-08,1.68522222e-08,0.000121885832,6.62406256e-10,1.85993371e-10,5.73412755e-06,2.16522385e-07,2.60727459e-05,6.08544213e-08,0.710674385,2.8493017e-18,1.52019211e-09,4.02214004e-08,2.70868707e-09,7.35562028e-08
0.0136640625,-0.235217728,25.1966339,-251.284305,1962.58907,0.163117,0.0024965912,1.12511713e-05,4.13975142e-07,0.00045247232,8.68593535e-05,0.117965785,7.49146448e-08,5.81262118e-09,2.9070904e-08,7.64475943e-08,5.63227946e-06,2.78994615e-07,0.000765328886,0.00588877709,0.0506908438,0.102068535,5.74384388e-07,7.94569245e-05,5.45241503e-07,2.00692981e-08,7.7149966e-06,9.41347128e-07,0.00700432386,3.42641206e-06,0.00055131422,3.62813669e-06,3.28858392e-05,6.15845438e-06,8.01003e-05,3.39438812e-05,1.55905062e-08,3.61716151e-08,5.18125779e-07,1.77579404e-05,5.06385736e-10,0.000145424082,1.85121132e-09,1.35964893e-07,4.34991732e-08,1.89721765e-08,0.000120439751,7.85570325e-10,2.25238782e-10,5.81283337e-06,2.22074106e-07,2.60161029e-05,6.8382748e-08,0.711445379,2.80998083e-18,1.50113277e-09,3.52998842e-08,2.9319765e-09,7.8606754e-08
0.0136875,-0.237083265,25.1412914,-251.284305,1969.84613,0.162644023,0.00246750378,1.24742534e-05,5.2079781e-07,0.000473708098,9.91337157e-05,0.118105521,8.25034307e-08,6.50204409e-09,3.97939386e-08,9.5579272e-08,6.24536238e-06,3.12943592e-07,0.000757712828,0.00527169823,0.0505619217,0.102306592,6.51747512e-07,8.17406542e-05,6.06792277e-07,2.22452218e-08,7.61481546e-06,1.03187522e-06,0.00666325234,3.47127491e-06,0.000501035583,3.51973207e-06,2.91778281e-05,6.90832968e-06,8.12097068e-05,3.36108265e-05,2.01835515e-08,4.21089172e-08,5.63525477e-07,1.72531996e-05,5.65194379e-10,0.000148173824,1.95666889e-09,1.40936809e-07,4.88315661e-08,2.14279352e-08,0.00011889379,9.41045132e-10,2.73659555e-10,5.88627125e-06,2.27660085e-07,2.5929019e-05,7.70721228e-08,0.712205175,2.77120194e-18,1.4704283e-09,3.06343124e-08,3.18399898e-09,8.39319373e-08
0.0137109375,-0.238943915,25.0856312,-251.284305,1977.06639,0.162177661,0.00243671587,1.38738683e-05,6.62338083e-07,0.000497451743,0.000113584808,0.118242804,9.13316667e-08,7.30612845e-09,5.462307e-08,1.19761067e-07,6.92146919e-06,3.5090721e-07,0.000747099004,0.00468850708,0.0504106993,0.102555789,7.41464185e-07,8.39650257e-05,6.75188438e-07,2.4669623e-08,7.49222696e-06,1.13046115e-06,0.0063116146,3.50462331e-06,0.000452102047,3.38592736e-06,2.56625712e-05,7.75828813e-06,8.2177607e-05,3.3162013e-05,2.62491371e-08,4.91441939e-08,6.12640158e-07,1.67099635e-05,6.32769586e-10,0.000151092577,2.07662197e-09,1.46163199e-07,5.4878556e-08,2.42754717e-08,0.000117237318,1.13650702e-09,3.33263625e-10,5.95276805e-06,2.33252543e-07,2.58063435e-05,8.71006049e-08,0.712953713,2.73295634e-18,1.42544196e-09,2.62340896e-08,3.46756084e-09,8.94761346e-08
0.013734375,-0.240797184,25.0296559,-251.284305,1984.23162,0.161719444,0.00240410822,1.54750836e-05,8.5142437e-07,0.000524130676,0.0001306234,0.118377456,1.01625053e-07,8.2450579e-09,7.50368972e-08,1.50193427e-07,7.65943118e-06,3.92972296e-07,0.000733020645,0.00414008416,0.0502342234,0.102817548,8.45198032e-07,8.60815377e-05,7.50444738e-07,2.73475856e-08,7.3434442e-06,1.23686807e-06,0.00594996332,3.52243097e-06,0.000404687966,3.22439789e-06,2.23409398e-05,8.71859386e-06,8.29568251e-05,3.25879452e-05,3.42425744e-08,5.74428389e-08,6.65284668e-07,1.61263717e-05,7.10405826e-10,0.000154193649,2.2134387e-09,1.51622267e-07,6.16855607e-08,2.75769732e-08,0.000115457443,1.38027849e-09,4.06277205e-10,6.01036185e-06,2.38815619e-07,2.56422651e-05,9.86613737e-08,0.71369091,2.69523523e-18,1.36381056e-09,2.21166399e-08,3.78487482e-09,9.51496201e-08
0.0137460937,-0.24171995,25.0015505,-251.284305,1987.78561,0.161494065,0.00238707182,1.6361516e-05,9.70332929e-07,0.000538772754,0.000140293252,0.118443732,1.07422336e-07,8.77391635e-09,8.80538197e-08,1.68216651e-07,8.05010811e-06,4.1553764e-07,0.000724505497,0.00387923619,0.0501351797,0.102953779,9.02920617e-07,8.70765382e-05,7.90594814e-07,2.87826605e-08,7.25771495e-06,1.29302006e-06,0.00576561345,3.52416819e-06,0.00038162169,3.1326303e-06,2.07546763e-05,9.24411701e-06,8.32549313e-05,3.22502976e-05,3.91765279e-08,6.2128988e-08,6.92785859e-07,1.58187993e-05,7.53517292e-10,0.000155818453,2.28930634e-09,1.54427471e-07,6.53859813e-08,2.94240614e-08,0.000114514986,1.52404841e-09,4.48682949e-10,6.03495198e-06,2.41569875e-07,2.55421797e-05,1.05097703e-07,0.714055264,2.67656541e-18,1.32618355e-09,2.01728253e-08,3.95833575e-09,9.79860722e-08
0.0137578125,-0.242639735,24.9733668,-251.284305,1991.31754,0.161271401,0.00236953118,1.73085524e-05,1.10882951e-06,0.000554356868,0.000150801154,0.118509274,1.13690212e-07,9.34555741e-09,1.03235728e-07,1.88324374e-07,8.45355825e-06,4.39052685e-07,0.000714949145,0.0036274304,0.0500284709,0.103093764,9.64736094e-07,8.80200257e-05,8.32250333e-07,3.02765866e-08,7.16394015e-06,1.35080371e-06,0.00557905826,3.52011333e-06,0.000359013111,3.03352827e-06,1.92197304e-05,9.80046326e-06,8.34842223e-05,3.18775716e-05,4.48188641e-08,6.7192064e-08,7.20984827e-07,1.55006239e-05,7.99677355e-10,0.000157494432,2.370546e-09,1.57277172e-07,6.9282278e-08,3.14107793e-08,0.000113535391,1.68287413e-09,4.95340427e-10,6.05641605e-06,2.44297424e-07,2.54292153e-05,1.11995887e-07,0.714416734,2.65780329e-18,1.28384598e-09,1.83101046e-08,4.1408242e-09,1.00798743e-07
0.01378125,-0.244469072,24.9167655,-251.284305,1998.30578,0.160834945,0.0023328898,1.93945999e-05,1.45640257e-06,0.00058858653,0.000174554272,0.118638052,1.2775226e-07,1.06267905e-08,1.41036477e-07,2.35431537e-07,9.29221937e-06,4.88608521e-07,0.000692563423,0.00315124953,0.0497906478,0.103385527,1.10109063e-06,8.97224386e-05,9.19359303e-07,3.34178057e-08,6.95093734e-06,1.46995033e-06,0.00519983861,3.4915682e-06,0.000315259305,2.81378389e-06,1.63087979e-05,1.10063788e-05,8.37126155e-05,3.10233596e-05,5.8493716e-08,7.84989843e-08,7.791502e-07,1.48324177e-05,9.01707366e-10,0.000161004549,2.55040467e-09,1.63088989e-07,7.76477163e-08,3.58281552e-08,0.000111458184,2.04577999e-09,6.02284498e-10,6.08897433e-06,2.49643945e-07,2.51621598e-05,1.2724542e-07,0.715130881,2.6206697e-18,1.18492802e-09,1.4840618e-08,4.52871618e-09,1.06270887e-07
0.0138046875,-0.246280909,24.859854,-251.284305,2005.16518,0.160412596,0.0022940228,2.17652205e-05,1.93329356e-06,0.000627685322,0.000202587767,0.118763576,1.4420148e-07,1.21206907e-08,1.91461516e-07,2.92972849e-07,1.01570291e-05,5.40864006e-07,0.000665483053,0.00271224801,0.0495156944,0.103694924,1.25529075e-06,9.10911196e-05,1.01015858e-06,3.67259301e-08,6.70062998e-06,1.59245855e-06,0.00481366988,3.43167517e-06,0.000273684646,2.56706377e-06,1.36225505e-05,1.23414073e-05,8.35664306e-05,3.00160803e-05,7.61196254e-08,9.14941853e-08,8.38684976e-07,1.41214762e-05,1.0181724e-09,0.000164742261,2.75785499e-09,1.68989325e-07,8.67368956e-08,4.09084116e-08,0.000109200468,2.47344634e-09,7.29253413e-10,6.10470489e-06,2.54771492e-07,2.48325818e-05,1.44644491e-07,0.715833314,2.58403912e-18,1.06824286e-09,1.17406462e-08,4.94936649e-09,1.11293264e-07
0.013828125,-0.248070892,24.802633,-251.284305,2011.86399,0.160006837,0.00225278688,2.44477533e-05,2.59088039e-06,0.000672605714,0.000235619068,0.118885638,1.63435019e-07,1.38579972e-08,2.57409517e-07,3.62051362e-07,1.10222196e-05,5.94542976e-07,0.000633522404,0.0023109202,0.0491984797,0.104023833,1.42735704e-06,9.20250321e-05,1.10209632e-06,4.01201098e-08,6.41055949e-06,1.7149726e-06,0.00442222382,3.33558285e-06,0.000234544659,2.29762201e-06,1.11765329e-05,1.38029042e-05,8.29736531e-05,2.88490412e-05,9.84923183e-08,1.06226265e-07,8.98221251e-07,1.33687338e-05,1.15054986e-09,0.000168723508,2.9982049e-09,1.74897382e-07,9.64540212e-08,4.67120569e-08,0.000106735844,2.96040202e-09,8.77301719e-10,6.10023027e-06,2.59580985e-07,2.44326012e-05,1.64374145e-07,0.716523872,2.54790196e-18,9.36867637e-10,9.03550213e-09,5.39599676e-09,1.15550395e-07
0.0138515625,-0.249834136,24.7451024,-251.284305,2018.36655,0.159620408,0.00220904114,2.74672534e-05,3.5018144e-06,0.00072451588,0.000274452756,0.119004023,1.85899257e-07,1.58712346e-08,3.41585365e-07,4.43199938e-07,1.18534386e-05,6.47845994e-07,0.000596685538,0.00194748889,0.048833237,0.104374144,1.61607673e-06,9.2412487e-05,1.19167557e-06,4.34857345e-08,6.07952899e-06,1.83297659e-06,0.00402759905,3.19938226e-06,0.000198101481,2.01205182e-06,8.98577779e-06,1.53790422e-05,8.18605265e-05,2.75178616e-05,1.26339156e-07,1.22649814e-07,9.56015976e-07,1.25763969e-05,1.30021698e-09,0.000172963686,3.27800603e-09,1.80713748e-07,1.06646011e-07,5.32806385e-08,0.00010403418,3.49023442e-09,1.04608899e-09,6.07180352e-06,2.63948722e-07,2.39543138e-05,1.86576381e-07,0.717202385,2.51224844e-18,7.95864937e-10,6.74051895e-09,5.8570611e-09,1.18666807e-07
0.013875,-0.251565233,24.6872616,-251.284305,2024.63333,0.159256297,0.00216265268,3.08448337e-05,4.76785141e-06,0.000784847909,0.000319977147,0.119118497,2.12089137e-07,1.81939576e-08,4.4586429e-07,5.35998386e-07,1.26085255e-05,6.98453317e-07,0.000555211678,0.0016218296,0.0484135798,0.104747665,1.81854508e-06,9.21355274e-05,1.27450282e-06,4.66738636e-08,5.70801794e-06,1.94077897e-06,0.00363237853,3.02099503e-06,0.000164609844,1.71900535e-06,7.06209459e-06,1.7045279e-05,8.01553424e-05,2.60216597e-05,1.60156465e-07,1.40592002e-07,1.00997596e-06,1.17481577e-05,1.46836189e-09,0.000177476573,3.60536565e-09,1.86320699e-07,1.17100229e-07,6.06220681e-08,0.000101062368,4.03263655e-09,1.23322169e-09,6.01534464e-06,2.67724547e-07,2.339017e-05,2.11332836e-07,0.71786868,2.47706861e-18,6.51912842e-10,4.85628963e-09,6.31485267e-09,1.20226635e-07
0.0138984375,-0.253258268,24.6291094,-251.284305,2030.62102,0.158917729,0.00211350375,3.45957446e-05,6.5302537e-06,0.000855354281,0.000373158506,0.119228788,2.42545109e-07,2.08598867e-08,5.70415028e-07,6.38659481e-07,1.32393389e-05,7.4358973e-07,0.000509606717,0.00133340554,0.0479325687,0.105146003,2.02970952e-06,9.10764766e-05,1.34544986e-06,4.95047091e-08,5.29852516e-06,2.03162733e-06,0.00323967421,2.80094644e-06,0.000134298891,1.42855274e-06,5.411482e-06,1.87600495e-05,7.77934857e-05,2.43643211e-05,1.99989527e-07,1.59721572e-07,1.05772316e-06,1.08893645e-05,1.65587857e-09,0.000182272773,3.99029464e-09,1.91584272e-07,1.27546934e-07,6.86917476e-08,9.77859166e-05,4.54237608e-09,1.43362947e-09,5.92652184e-06,2.70731114e-07,2.2733455e-05,2.3863821e-07,0.718522601,2.44235233e-18,5.1250451e-10,3.36600711e-09,6.74446445e-09,1.19810057e-07
0.013921875,-0.254906876,24.5706435,-251.284305,2036.28286,0.158608125,0.00206150076,3.87272373e-05,8.98274039e-06,0.000938172155,0.000435030128,0.119334536,2.77846768e-07,2.39019987e-08,7.12671538e-07,7.47650717e-07,1.36949197e-05,7.80168996e-07,0.000460653394,0.00108122098,0.0473828502,0.105570407,2.24199106e-06,8.91266576e-05,1.39897284e-06,5.17766826e-08,4.85577906e-06,2.09802089e-06,0.00285314619,2.54297248e-06,0.000107350908,1.15120312e-06,4.03208202e-06,2.0460272e-05,7.47238511e-05,2.25558279e-05,2.45177897e-07,1.79526706e-07,1.09670694e-06,1.00071176e-05,1.86324833e-09,0.000187357598,4.44507202e-09,1.96358566e-07,1.37667916e-07,7.73707125e-08,9.4171584e-05,4.96196129e-09,1.63910118e-09,5.80089863e-06,2.72765398e-07,2.19788553e-05,2.6836804e-07,0.719164015,2.40808935e-18,3.84843064e-10,2.23564665e-09,7.11353709e-09,1.17048417e-07
0.0139453125,-0.25650433,24.5118609,-251.284305,2041.56931,0.158331053,0.00200658511,4.32362701e-05,1.23864246e-05,0.00103589354,0.000506672976,0.119435227,3.18602506e-07,2.73516655e-08,8.66373835e-07,8.57456695e-07,1.39259345e-05,8.05020625e-07,0.000409394224,0.00086380028,0.0467568913,0.10602157,2.44508676e-06,8.61970435e-05,1.42959046e-06,5.32815046e-08,4.38676009e-06,2.13226057e-06,0.00247697963,2.25429931e-06,8.38791376e-05,8.96722136e-07,2.91307704e-06,2.20577163e-05,7.09166349e-05,2.06135304e-05,2.94119689e-07,1.99309448e-07,1.12436446e-06,9.11025779e-06,2.09041094e-09,0.000192728313,4.98457132e-09,2.00492625e-07,1.47111564e-07,8.64438545e-08,9.01911038e-05,5.22928626e-09,1.83815334e-09,5.63417582e-06,2.73603359e-07,2.11230918e-05,3.00239764e-07,0.719792839,2.37426932e-18,2.74684754e-10,1.4171182e-09,7.38337979e-09,1.1169493e-07
0.01396875,-0.258043688,24.4527578,-251.284305,2046.42901,0.158090147,0.00194874632,4.81071393e-05,1.708499e-05,0.00115163703,0.000589183033,0.119530095,3.65434975e-07,3.12379359e-08,1.0210342e-06,9.60607299e-07,1.38900774e-05,8.15187876e-07,0.000357084153,0.000679197175,0.0460473306,0.106499407,2.62608136e-06,8.2230405e-05,1.43249215e-06,5.38248841e-08,3.90050207e-06,2.12725055e-06,0.00211579947,1.94543916e-06,6.39078548e-05,6.72961964e-07,2.03479663e-06,2.34380243e-05,6.63722422e-05,1.85631747e-05,3.44140029e-07,2.18204267e-07,1.13832372e-06,8.20922025e-06,2.33663082e-09,0.000198370806,5.62645099e-09,2.03839939e-07,1.55513309e-07,9.55836475e-08,8.58258279e-05,5.29008695e-09,2.01640899e-09,5.42256211e-06,2.73008596e-07,2.01655831e-05,3.33766725e-07,0.720409054,2.34088187e-18,1.85447911e-10,8.53750148e-10,7.51213182e-09,1.03700996e-07
0.0139921875,-0.259518013,24.3933294,-251.284305,2050.8104,0.157888986,0.00188803693,5.3309187e-05,2.35164529e-05,0.00128911345,0.000683618829,0.119618004,4.1896381e-07,3.55870501e-08,1.16225949e-06,1.04809522e-06,1.35579126e-05,8.08274348e-07,0.000305113898,0.000525036231,0.0452474655,0.107002802,2.77001453e-06,7.72144223e-05,1.40421461e-06,5.3251132e-08,3.40767091e-06,2.07751721e-06,0.00177450219,1.62941325e-06,4.73584735e-05,4.84948987e-07,1.37007617e-06,2.44649627e-05,6.11305844e-05,1.64394303e-05,3.91564313e-07,2.35226087e-07,1.136636e-06,7.31573322e-06,2.60036756e-09,0.000204255889,6.39106531e-09,2.06270227e-07,1.62519112e-07,1.04347016e-07,8.10718279e-05,5.11271564e-09,2.15763439e-09,5.16330187e-06,2.70745582e-07,1.91091015e-05,3.6820841e-07,0.721012735,2.30791666e-18,1.17851213e-10,4.86840119e-10,7.46044257e-09,9.32805293e-08
0.014015625,-0.260920678,24.3335702,-251.284305,2054.66396,0.157730929,0.00182458862,5.87948479e-05,3.22152935e-05,0.00145267371,0.00079092207,0.11969732,4.79791149e-07,4.04223056e-08,1.2732889e-06,1.11027723e-06,1.29185313e-05,7.82809582e-07,0.000254909145,0.000398584394,0.0443518785,0.107529355,2.86106168e-06,7.11951565e-05,1.34329738e-06,5.14689548e-08,2.91995381e-06,1.98033913e-06,0.00145798873,1.32041483e-06,3.40452458e-05,3.34436008e-07,8.8666431e-07,2.49929335e-05,5.52793047e-05,1.42856169e-05,4.32075274e-07,2.49348758e-07,1.11801591e-06,6.44235312e-06,2.87916641e-09,0.000210335695,7.30093546e-09,2.07682651e-07,1.67808972e-07,1.12194155e-07,7.59447098e-05,4.70043626e-09,2.24552068e-09,4.85536377e-06,2.66598075e-07,1.79603658e-05,4.02529368e-07,0.721604067,2.2753635e-18,7.01790233e-11,2.61795264e-10,7.19950435e-09,8.0939256e-08
0.0140390625,-0.262245777,24.2734737,-251.284305,2057.94528,0.157618891,0.00175862767,6.4498475e-05,4.37957842e-05,0.00164732304,0.000911806968,0.119765798,5.48505789e-07,4.57646261e-08,1.33782144e-06,1.13833061e-06,1.19844021e-05,7.38602334e-07,0.000207814361,0.000296847692,0.0433571794,0.10807516,2.88455455e-06,6.42900179e-05,1.25081695e-06,4.84751598e-08,2.44932304e-06,1.83678589e-06,0.00117079699,1.03192193e-06,2.36829177e-05,2.20038253e-07,5.50312344e-07,2.48904097e-05,4.89585153e-05,1.21523277e-05,4.61359938e-07,2.59608746e-07,1.08205947e-06,5.60184655e-06,3.16959383e-09,0.000216540872,8.37972623e-09,2.08019118e-07,1.71117872e-07,1.18538758e-07,7.0483216e-05,4.09535608e-09,2.26628244e-09,4.50023383e-06,2.60393828e-07,1.67304973e-05,4.35399148e-07,0.722183366,2.2432124e-18,3.90618666e-11,1.32717929e-10,6.71985811e-09,6.74464376e-08
0.0140507812,-0.262877437,24.243297,-251.284305,2059.35758,0.157581014,0.00172482803,6.7400761e-05,5.09123651e-05,0.00175847391,0.00097749149,0.119794868,5.86075151e-07,4.86350229e-08,1.34802921e-06,1.13749108e-06,1.14211675e-05,7.10012405e-07,0.000185862914,0.000254087135,0.0428222462,0.108353268,2.86764584e-06,6.05783085e-05,1.19421151e-06,4.65653464e-08,2.22471939e-06,1.74955051e-06,0.00103961472,8.98820447e-07,1.94741664e-05,1.75034429e-07,4.25130927e-07,2.45715583e-05,4.56922882e-05,1.11139734e-05,4.70472697e-07,2.62992416e-07,1.05780341e-06,5.1985068e-06,3.31753767e-09,0.00021965656,8.99173929e-09,2.07780949e-07,1.71955188e-07,1.20947326e-07,6.7649947e-05,3.74363212e-09,2.24853999e-09,4.30665114e-06,2.56481609e-07,1.6090809e-05,4.50722789e-07,0.722468694,2.22728191e-18,2.81973985e-11,9.13723698e-11,6.40204151e-09,6.06156758e-08
0.0140625,-0.263488058,24.213033,-251.284305,2060.61427,0.157555405,0.00169053666,7.03240551e-05,5.90066114e-05,0.00187958493,0.0010466707,0.119820046,6.2582266e-07,5.16379239e-08,1.34261123e-06,1.12609171e-06,1.08013591e-05,6.77414921e-07,0.000165106213,0.000216326112,0.0422625697,0.108633938,2.83016892e-06,5.6725056e-05,1.13148549e-06,4.44015955e-08,2.0085991e-06,1.65327003e-06,0.000917088221,7.74896292e-07,1.5861363e-05,1.37375767e-07,3.24263722e-07,2.40658289e-05,4.23842669e-05,1.01017405e-05,4.75597522e-07,2.65131828e-07,1.02954769e-06,4.80790113e-06,3.46662507e-09,0.000222767157,9.65449361e-09,2.0727744e-07,1.72229453e-07,1.2277255e-07,6.4758927e-05,3.37386472e-09,2.21141841e-09,4.10335645e-06,2.52017251e-07,1.54371004e-05,4.6502992e-07,0.722751191,2.21144867e-18,1.99168873e-11,6.16068927e-11,6.03778611e-09,5.38549176e-08
0.0140859375,-0.264645319,24.1522389,-251.284305,2062.65424,0.157541265,0.00162066368,7.6192933e-05,7.83926686e-05,0.00215389834,0.00119538249,0.119857298,7.11928819e-07,5.80388952e-08,1.2839371e-06,1.07082196e-06,9.42044693e-06,6.01644424e-07,0.000127494589,0.000154552582,0.0410708697,0.109199902,2.690899e-06,4.87025291e-05,9.90799495e-07,3.94111428e-08,1.60540463e-06,1.43889247e-06,0.000698766364,5.58836721e-07,1.0254199e-05,8.14602276e-08,1.83103573e-07,2.24882251e-05,3.57351627e-05,8.17684177e-06,4.73372216e-07,2.65506147e-07,9.61820676e-07,4.06884058e-06,3.76604343e-09,0.000228928292,1.11378592e-08,2.05506474e-07,1.71050814e-07,1.24486279e-07,5.88399542e-05,2.6234139e-09,2.07900489e-09,3.67134984e-06,2.41421052e-07,1.40959917e-05,4.89751604e-07,0.72330789,2.18007464e-18,9.51300267e-12,2.71877775e-11,5.20678549e-09,4.0913568e-08
0.014109375,-0.265716548,24.0910855,-251.284305,2064.05666,0.157576602,0.00154962128,8.19779471e-05,0.000102596881,0.00247751833,0.0013571525,0.119872891,8.07552471e-07,6.49794378e-08,1.16608893e-06,9.75868556e-07,7.93282497e-06,5.16167143e-07,9.55696659e-05,0.000108021247,0.0397894401,0.109763295,2.47140573e-06,4.05859997e-05,8.38159819e-07,3.38280578e-08,1.24866555e-06,1.20769958e-06,0.00051690548,3.86142433e-07,6.37436983e-06,4.56500259e-08,9.8211576e-08,2.02337373e-05,2.92886329e-05,6.43289851e-06,4.54734894e-07,2.60520853e-07,8.81834338e-07,3.39482499e-06,4.06118785e-09,0.000234882319,1.28472684e-08,2.02843142e-07,1.67557532e-07,1.23389934e-07,5.28425785e-05,1.92763579e-09,1.87747791e-09,3.21760532e-06,2.28700434e-07,1.27335814e-05,5.07596096e-07,0.723854348,2.14907515e-18,4.18752095e-12,1.11329153e-11,4.29617734e-09,2.95274797e-08
0.0141328125,-0.266703494,24.0295656,-251.284305,2064.83391,0.157660016,0.00147805012,8.75582563e-05,0.0001320101,0.00285695924,0.00153050076,0.119862307,9.13408e-07,7.24576517e-08,1.00290671e-06,8.49543182e-07,6.4309106e-06,4.26481374e-07,6.94374422e-05,7.38398728e-05,0.0384294073,0.110313919,2.18495607e-06,3.27259045e-05,6.83190385e-07,2.80076635e-08,9.43191689e-07,9.75000851e-07,0.00037057922,2.55412209e-07,3.81128013e-06,2.41913336e-08,5.01726735e-08,1.74671805e-05,2.32837666e-05,4.90738471e-06,4.22026991e-07,2.50421811e-07,7.93106653e-07,2.79212318e-06,4.34571089e-09,0.000240493766,1.47889355e-08,1.99478758e-07,1.61845044e-07,1.19485861e-07,4.68842499e-05,1.34271881e-09,1.6234048e-09,2.75740448e-06,2.14072566e-07,1.13764067e-05,5.17054401e-07,0.724391369,2.11844209e-18,1.71630218e-12,4.28937209e-12,3.38655724e-09,2.01940219e-08
0.0141445312,-0.267166921,23.9986659,-251.284305,2064.99946,0.157718737,0.00144232498,9.02265524e-05,0.00014872978,0.00307006559,0.00162072337,0.119845468,9.70533604e-07,7.63945248e-08,9.11786609e-07,7.78927422e-07,5.70613157e-06,3.81969063e-07,5.84486447e-05,6.04097947e-05,0.0377252815,0.110580333,2.02436924e-06,2.90155981e-05,6.07872568e-07,2.5123262e-08,8.10282011e-07,8.62375569e-07,0.000309778508,2.03647532e-07,2.88889194e-06,1.71308854e-08,3.48398325e-08,1.59751171e-05,2.05217369e-05,4.23410119e-06,4.01863603e-07,2.43686409e-07,7.46941396e-07,2.51875877e-06,4.48165876e-09,0.000243121572,1.58463123e-08,1.97625181e-07,1.58241879e-07,1.16579466e-07,4.39643768e-05,1.10084439e-09,1.48484388e-09,2.53115819e-06,2.06168445e-07,1.07099003e-05,5.18296596e-07,0.724656685,2.10325742e-18,1.04390984e-12,2.52502053e-12,2.94734368e-09,1.63492729e-08
0.01415625,-0.267611048,23.9676718,-251.284305,2065.02174,0.157788342,0.00140672944,9.27992051e-05,0.00016678469,0.00329947989,0.00171296752,0.119820402,1.03055412e-06,8.04583507e-08,8.17264421e-07,7.0539027e-07,5.0106217e-06,3.38563515e-07,4.87863516e-05,4.91173666e-05,0.0370072896,0.110839359,1.85595072e-06,2.54913461e-05,5.35369076e-07,2.23139917e-08,6.90530797e-07,7.54660368e-07,0.000256752895,1.60380802e-07,2.16506441e-06,1.19495042e-08,2.38508976e-08,1.44468705e-05,1.79400895e-05,3.62226829e-06,3.79747846e-07,2.35937608e-07,7.00110635e-07,2.26415637e-06,4.61263254e-09,0.000245615269,1.69598202e-08,1.95692151e-07,1.54173472e-07,1.13094664e-07,4.10989e-05,8.93088463e-10,1.34218012e-09,2.30959611e-06,1.97923402e-07,1.00548386e-05,5.17135399e-07,0.724919951,2.08816273e-18,6.21438361e-13,1.45799515e-12,2.53358938e-09,1.3047066e-08
0.0141679687,-0.268036729,23.9365827,-251.284305,2064.90709,0.157868308,0.001371351,9.52626147e-05,0.000186150931,0.00354590094,0.00180686677,0.119786605,1.09359602e-06,8.46442647e-08,7.22234248e-07,6.30918031e-07,4.35405305e-06,2.96944933e-07,4.03748821e-05,3.96821361e-05,0.036277687,0.111089586,1.68350786e-06,2.21872504e-05,4.6669368e-07,1.96210379e-08,5.83674588e-07,6.53279594e-07,0.000210957596,1.24752137e-07,1.60339713e-06,8.19882317e-09,1.60707619e-08,1.29176278e-05,1.55538926e-05,3.07220382e-06,3.56281645e-07,2.27301265e-07,6.53133356e-07,2.0282118e-06,4.73792979e-09,0.000247960967,1.81275842e-08,1.93716089e-07,1.49681606e-07,1.09100836e-07,3.8301555e-05,7.18133577e-10,1.19896176e-09,2.09470649e-06,1.89394733e-07,9.4143548e-06,5.13552998e-07,0.725181272,2.07315565e-18,3.60689961e-13,8.22189573e-13,2.15093437e-09,1.02613296e-08
0.0141796875,-0.268444914,23.9053978,-251.284305,2064.66257,0.157958063,0.00133627424,9.76043047e-05,0.000206785843,0.00380997405,0.00190203066,0.119743621,1.15979361e-06,8.89462807e-08,6.29374522e-07,5.57440008e-07,3.74440991e-06,2.5770922e-07,3.31250971e-05,3.18470108e-05,0.0355388101,0.111329635,1.5109652e-06,1.91311983e-05,4.02690368e-07,1.70806075e-08,4.89271866e-07,5.59379011e-07,0.000171792393,9.58237311e-08,1.1720735e-06,5.51849543e-09,1.06156174e-08,1.14216364e-05,1.33731872e-05,2.58313938e-06,3.32051655e-07,2.17915637e-07,6.06505081e-07,1.81063604e-06,4.85690882e-09,0.000250146451,1.93472926e-08,1.91734602e-07,1.44814518e-07,1.04677249e-07,3.55850095e-05,5.73376272e-10,1.0586044e-09,1.88830737e-06,1.80644771e-07,8.79134418e-06,5.07588908e-07,0.725440746,2.05823659e-18,2.01777504e-13,4.46427887e-13,1.80387665e-09,7.95269155e-09
0.014203125,-0.269211859,23.8427392,-251.284305,2063.80686,0.158165115,0.00126726819,0.000101889186,0.000251672972,0.00439259238,0.00209490365,0.119628968,1.30198485e-06,9.78728866e-08,4.57119073e-07,4.19200011e-07,2.68514098e-06,1.88237815e-07,2.18088482e-05,2.02684708e-05,0.0340406457,0.111775209,1.17826516e-06,1.38224709e-05,2.91177947e-07,1.25807956e-08,3.35949268e-07,3.98300717e-07,0.000111404865,5.5412317e-08,6.17445688e-07,2.43838042e-09,4.57738099e-09,8.62570857e-06,9.64141119e-06,1.78275537e-06,2.82934556e-07,1.97339356e-07,5.15689096e-07,1.42915139e-06,5.07417334e-09,0.000254006644,2.19335553e-08,1.8787006e-07,1.34110915e-07,9.48068306e-08,3.04285943e-05,3.6229201e-10,7.95992255e-10,1.50570153e-06,1.62683899e-07,7.60558711e-06,4.8879956e-07,0.725954376,2.02866256e-18,6.39203515e-14,1.35492953e-13,1.23851214e-09,4.61960175e-09
0.0142265625,-0.269921181,23.7796941,-251.284305,2062.52375,0.158403997,0.00120035849,0.00010557014,0.000300786067,0.00505183904,0.00228801374,0.119473505,1.4579174e-06,1.07156286e-07,3.14156068e-07,3.00343887e-07,1.84860496e-06,1.31891009e-07,1.39023158e-05,1.26096794e-05,0.0325333642,0.112165098,8.81205855e-07,9.61808026e-06,2.02300949e-07,8.90911259e-09,2.23315889e-07,2.71934303e-07,6.98675606e-05,3.08748325e-08,3.13559543e-07,1.01413125e-09,1.86414763e-09,6.23198144e-06,6.7251841e-06,1.18951755e-06,2.36353698e-07,1.75493191e-07,4.31024772e-07,1.11407375e-06,5.26022174e-09,0.00025713066,2.4691857e-08,1.84436863e-07,1.225943e-07,8.41846843e-08,2.57121305e-05,2.29890356e-10,5.71343637e-10,1.1723183e-06,1.44619085e-07,6.51631404e-06,4.62054008e-07,0.726461705,1.99942832e-18,1.86028402e-14,3.79375761e-14,8.17995139e-10,2.55473366e-09
0.01425,-0.270580718,23.7162606,-251.284305,2060.87159,0.15867012,0.00113599433,0.000108600303,0.000353364815,0.00579047608,0.002478297,0.119275796,1.62773186e-06,1.16699546e-07,2.04476422e-07,2.05083024e-07,1.22244692e-06,8.8688576e-08,8.59438102e-06,7.68262115e-06,0.0310337426,0.112490974,6.32845892e-07,6.44595126e-06,1.35132323e-07,6.07008108e-09,1.43796163e-07,1.78255376e-07,4.24404189e-05,1.66962652e-08,1.54889725e-07,4.02854083e-10,7.29406855e-10,4.30870604e-06,4.54138823e-06,7.67707447e-07,1.94453115e-07,1.5343755e-07,3.54565743e-07,8.58619716e-07,5.41272036e-09,0.000259497582,2.75951389e-08,1.81710889e-07,1.10737308e-07,7.33894888e-08,2.14810844e-05,1.49788673e-10,3.91456335e-10,8.92154293e-07,1.26942363e-07,5.53369288e-06,4.29013346e-07,0.726963316,1.97052851e-18,5.20224625e-15,1.02838554e-14,5.22805965e-10,1.35445248e-09
0.0142617187,-0.270894344,23.6843981,-251.284305,2059.92592,0.158811924,0.00110488554,0.000109863013,0.000380645708,0.00619032365,0.00257136159,0.119160909,1.71767258e-06,1.2152959e-07,1.61423484e-07,1.66107181e-07,9.76508232e-07,7.13936751e-08,6.64909209e-06,5.9140083e-06,0.0302920349,0.112627367,5.27630849e-07,5.19212577e-06,1.08463714e-07,4.92161433e-09,1.1362039e-07,1.41441945e-07,3.25081067e-05,1.19887347e-08,1.05832341e-07,2.43022119e-10,4.34093856e-10,3.51844312e-06,3.68035598e-06,6.06768644e-07,1.75624187e-07,1.42662492e-07,3.1983615e-07,7.50392379e-07,5.47599585e-09,0.000260400779,2.90910095e-08,1.80701862e-07,1.04843941e-07,6.80924171e-08,1.95548581e-05,1.22416325e-10,3.1786582e-10,7.71834133e-07,1.18403644e-07,5.0839348e-06,4.10810509e-07,0.727212192,1.95620009e-18,2.50246392e-15,4.84814967e-15,4.096956e-10,9.59188808e-10
0.0142734375,-0.271197937,23.6524379,-251.284305,2058.906,0.158959138,0.00107451975,0.000110957321,0.000408468041,0.00661059252,0.00266271625,0.119035405,1.81088821e-06,1.26384365e-07,1.25651274e-07,1.32839552e-07,7.71502706e-07,5.68240525e-08,5.097116e-06,4.52004882e-06,0.0295573301,0.112745377,4.35640448e-07,4.14008198e-06,8.61096481e-08,3.94779122e-09,8.89610706e-08,1.10909125e-07,2.46558489e-05,8.50531811e-09,7.1286916e-08,1.4335155e-10,2.51563271e-10,2.84024464e-06,2.9573197e-06,4.74954173e-07,1.58250754e-07,1.32155766e-07,2.87522117e-07,6.541489e-07,5.5306168e-09,0.000261120913,3.06130667e-08,1.79953427e-07,9.90266698e-08,6.29227868e-08,1.7755181e-05,1.01196393e-10,2.54957291e-10,6.64302222e-07,1.10116804e-07,4.66194516e-06,3.91774856e-07,0.727459802,1.94195373e-18,1.14017427e-15,2.1577106e-15,3.17821652e-10,6.689895e-10
0.014296875,-0.271776964,23.588225,-251.284305,2056.65812,0.159268691,0.00101607442,0.00011264447,0.000465376644,0.00751221655,0.00283942305,0.118752986,2.00678221e-06,1.36126455e-07,7.3693886e-08,8.26198137e-08,4.71276757e-07,3.52131631e-08,2.95964454e-06,2.63020825e-06,0.0281130722,0.112924763,2.91424383e-07,2.57678155e-06,5.31900843e-08,2.49055716e-09,5.37057749e-08,6.69377738e-08,1.40123721e-05,4.30850585e-09,3.28142653e-08,5.09077137e-11,8.75241653e-11,1.80378098e-06,1.87560013e-06,2.86432921e-07,1.27848543e-07,1.12199821e-07,2.30225843e-07,4.9449459e-07,5.61410218e-09,0.000262029352,3.37262325e-08,1.79298289e-07,8.77644601e-08,5.31167256e-08,1.45310726e-05,7.19603045e-11,1.5956883e-10,4.85748014e-07,9.44310212e-08,3.90024003e-06,3.52060243e-07,0.72795127,1.9137094e-18,2.6864603e-16,4.93357953e-16,1.90528082e-10,3.24890566e-10
0.0143203125,-0.272322262,23.5236244,-251.284305,2054.16173,0.159596221,0.000960747312,0.000113683016,0.00052315339,0.00849507625,0.00300634949,0.118429967,2.2137543e-06,1.45813367e-07,4.12483539e-08,4.93153921e-08,2.78022546e-07,2.10451813e-08,1.67200775e-06,1.50094235e-06,0.026710238,0.11302558,1.90471583e-07,1.55188844e-06,3.17445838e-08,1.51870881e-09,3.15064907e-08,3.89435938e-08,7.73075937e-06,2.13582561e-09,1.47508101e-08,1.72354274e-11,2.89464024e-11,1.10369129e-06,1.15644309e-06,1.67640246e-07,1.02786324e-07,9.40788267e-08,1.8233849e-07,3.70937414e-07,5.66432311e-09,0.000262285558,3.69089687e-08,1.7988762e-07,7.72637855e-08,4.42079623e-08,1.17825494e-05,5.32362643e-11,9.59643649e-11,3.49387244e-07,8.01290911e-08,3.24257446e-06,3.11758639e-07,0.728438115,1.88578518e-18,5.93053806e-17,1.05792425e-16,1.11537798e-10,1.52893905e-10
0.01434375,-0.27283618,23.4586378,-251.284305,2051.43506,0.159940416,0.00090851705,0.000114108023,0.000581018648,0.00955796178,0.00316215816,0.118068235,2.42996723e-06,1.55357919e-07,2.21236377e-08,2.83376327e-08,1.5884995e-07,1.2165684e-08,9.21679644e-07,8.41837744e-07,0.0253543574,0.113046231,1.2306464e-07,9.0688523e-07,1.83571068e-08,8.97735005e-10,1.80078882e-08,2.19058508e-08,4.15167134e-06,1.04090405e-09,6.51595547e-09,5.63131483e-12,9.16708668e-12,6.52484052e-07,6.9486477e-07,9.54437839e-08,8.23641805e-08,7.80144487e-08,1.43070536e-07,2.76501082e-07,5.6830907e-09,0.000261957303,4.01426376e-08,1.8178788e-07,6.76992685e-08,3.6311164e-08,9.47245658e-06,4.0498213e-11,5.56189257e-11,2.47850362e-07,6.73272069e-08,2.68076576e-06,2.72299769e-07,0.728920541,1.85817671e-18,1.24318641e-17,2.15278198e-17,6.39780849e-11,7.02382154e-11
0.0143671875,-0.273319873,23.3932669,-251.284305,2048.48778,0.16030067,0.000859293717,0.000113964626,0.000638266607,0.0106989786,0.00330593447,0.117670025,2.65348666e-06,1.64691121e-07,1.14519569e-08,1.57592424e-08,8.83495663e-08,6.83738075e-09,4.98495763e-07,4.66162289e-07,0.0240487625,0.112986418,7.99416233e-08,5.16498639e-07,1.03394582e-08,5.17044244e-10,1.00743805e-08,1.19871035e-08,2.18303912e-06,5.03875007e-10,2.8736104e-09,1.83669549e-12,2.88139958e-12,3.74360391e-07,4.08300675e-07,5.31019317e-08,6.58394918e-08,6.40605813e-08,1.11387894e-07,2.05101951e-07,5.67271263e-09,0.000261117081,4.34122353e-08,1.85016197e-07,5.91573546e-08,2.94603837e-08,7.555652e-06,3.13019275e-11,3.12239931e-11,1.7387106e-07,5.60543934e-08,2.2051537e-06,2.34789514e-07,0.729398688,1.83087966e-18,2.67562902e-18,4.52008585e-18,3.61624531e-11,3.19918226e-11
0.0143789063,-0.273550469,23.360438,-251.284305,2046.93252,0.160486794,0.000835759047,0.000113698743,0.000666431078,0.011298038,0.0033731024,0.117458087,2.76731352e-06,1.69259925e-07,8.02837398e-09,1.14886532e-08,6.45195288e-08,5.01725256e-09,3.59584071e-07,3.41238763e-07,0.0234153939,0.112926509,6.44780414e-08,3.82376496e-07,7.60023276e-09,3.8448175e-10,7.39568187e-09,8.65702803e-09,1.54831659e-06,3.4191595e-10,1.84942437e-09,9.94811166e-13,1.50588512e-12,2.77723786e-07,3.0801251e-07,3.88142264e-08,5.87860695e-08,5.78492859e-08,9.79720067e-08,1.76136492e-07,5.65755621e-09,0.000260531514,4.50559643e-08,1.87121947e-07,5.52718895e-08,2.64134166e-08,6.72677053e-06,2.7570004e-11,2.28832267e-11,1.447948e-07,5.09739483e-08,1.99592876e-06,2.17028e-07,0.72963623,1.81734449e-18,1.09420731e-18,1.80784636e-18,2.6691186e-11,2.09494544e-11
0.014390625,-0.273773532,23.3275135,-251.284305,2045.32282,0.160676949,0.000812922522,0.000113310412,0.00069420913,0.0119157342,0.00343706901,0.117237925,2.88227583e-06,1.73758354e-07,5.55129107e-09,8.27386492e-09,4.6606401e-08,3.64097194e-09,2.57010738e-07,2.47973437e-07,0.0227951392,0.112846782,5.2360274e-08,2.80289183e-07,5.52772704e-09,2.8296358e-10,5.37938302e-09,6.17582172e-09,1.08626978e-06,2.2948142e-10,1.17392053e-09,5.27685722e-13,7.58880784e-13,2.03734754e-07,2.30500028e-07,2.80806967e-08,5.24615433e-08,5.213504e-08,8.60360711e-08,1.51101067e-07,5.63611233e-09,0.000259844417,4.67046545e-08,1.89549828e-07,5.16454585e-08,2.3615571e-08,5.97821096e-06,2.43012672e-11,1.65716804e-11,1.2028356e-07,4.62596765e-08,1.8045335e-06,2.00037273e-07,0.72987273,1.80388587e-18,4.17829421e-19,6.674577e-19,1.95392124e-11,1.35350201e-11
0.0144140625,-0.274196889,23.261378,-251.284305,2041.93964,0.161069506,0.000769278996,0.000112187822,0.000748385477,0.0132056137,0.00355530397,0.116773964,3.11489422e-06,1.82532053e-07,2.65481954e-09,4.2794875e-09,2.43526127e-08,1.91825947e-09,1.32403247e-07,1.32305908e-07,0.0215941233,0.112628796,3.62277651e-08,1.50630957e-07,2.92970117e-09,1.53526687e-10,2.85834476e-09,3.15750784e-09,5.39624361e-07,1.06465074e-10,4.96016865e-10,1.65039354e-13,2.15533016e-13,1.09326025e-07,1.2899995e-07,1.47538439e-08,4.17824388e-08,4.21416584e-08,6.61951073e-08,1.11286508e-07,5.57545973e-09,0.000258191933,5.00145798e-08,1.95346803e-07,4.51646453e-08,1.87458536e-08,4.70338787e-06,1.89089064e-11,8.66827909e-12,8.29863175e-08,3.79028168e-08,1.47143383e-06,1.68618837e-07,0.730342529,1.77720008e-18,7.96762281e-20,1.22104861e-19,1.05812764e-11,5.88525659e-12
0.0144375,-0.27458909,23.194864,-251.284305,2038.33408,0.161478941,0.000728165567,0.000110657918,0.000800284644,0.0145652818,0.00366058058,0.116280762,3.34969032e-06,1.90990788e-07,1.2297598e-09,2.15190311e-09,1.24264504e-08,9.85954102e-10,6.70049346e-08,6.96763606e-08,0.0204450847,0.112334964,2.66103059e-08,7.92098613e-08,1.51756633e-09,8.14545389e-11,1.4902271e-09,1.57225748e-09,2.6230598e-07,4.87537821e-11,2.07850042e-10,5.19621571e-14,5.92167357e-14,5.71802561e-08,7.08395987e-08,7.58680106e-09,3.32453774e-08,3.38622991e-08,5.07201208e-08,8.18151964e-08,5.49385209e-09,0.000256230579,5.33353102e-08,2.02328295e-07,3.962919e-08,1.47384478e-08,3.67855349e-06,1.46678873e-11,4.41193047e-12,5.7003107e-08,3.08420582e-08,1.19517615e-06,1.40746117e-07,0.730808168,1.75081278e-18,1.48267123e-20,2.17732803e-20,5.64187204e-12,2.53679995e-12
0.0144609375,-0.274949031,23.1279731,-251.284305,2034.5001,0.16190602,0.000689406234,0.0001087734,0.00084953345,0.0159914904,0.00375302199,0.115760511,3.58541956e-06,1.99128778e-07,5.5377708e-10,1.05459156e-09,6.20585905e-09,4.95523141e-10,3.33832369e-08,3.62701545e-08,0.0193470464,0.11196797,2.08323189e-08,4.08532437e-08,7.69987656e-10,4.23544551e-11,7.63918682e-10,7.63936392e-10,1.24981123e-07,2.20474842e-11,8.65489095e-11,1.6779882e-14,1.58291257e-14,2.92054818e-08,3.8245633e-08,3.82402764e-09,2.64503507e-08,2.7080661e-08,3.873709e-08,6.00938686e-08,5.39397151e-09,0.000254015716,5.66639781e-08,2.10411922e-07,3.49455259e-08,1.14860003e-08,2.86171746e-06,1.13247695e-11,2.19033328e-12,3.90597637e-08,2.49385283e-08,9.6728488e-07,1.16420893e-07,0.731269628,1.72471969e-18,2.72048615e-21,3.81849526e-21,2.96519306e-12,1.08731443e-12
0.014484375,-0.275275452,23.0607068,-251.284305,2030.43072,0.162351618,0.000652830139,0.00010658436,0.000895830666,0.0174809342,0.00383287542,0.115215222,3.82107396e-06,2.06949688e-07,2.43218086e-10,5.05017928e-10,3.04036884e-09,2.44107026e-10,1.64093149e-08,1.86891676e-08,0.0182986714,0.111530814,1.7248546e-08,2.07191899e-08,3.83600304e-10,2.16366409e-11,3.85860815e-10,3.62929522e-10,5.84711928e-08,9.851588e-12,3.58708666e-11,5.62997985e-15,4.14089702e-15,1.459779e-08,2.03391481e-08,1.89239083e-09,2.10667868e-08,2.15813409e-08,2.95111086e-08,4.41329026e-08,5.27837368e-09,0.000251595377,5.99999725e-08,2.19511441e-07,3.10129273e-08,8.87959321e-09,2.21567654e-06,8.69752058e-12,1.06339469e-12,2.67445321e-08,2.00497502e-08,7.80215385e-07,9.55066589e-08,0.731726861,1.69891648e-18,4.96170491e-22,6.64231244e-22,1.53815882e-12,4.64610405e-13
0.0145078125,-0.275567013,22.9930665,-251.284305,2026.1185,0.162816678,0.000618276039,0.000104137507,0.000938942197,0.0190303259,0.00390047701,0.114646701,4.05586075e-06,2.14464241e-07,1.04512433e-10,2.36942628e-10,1.46476922e-09,1.18160872e-10,7.97439894e-09,9.54582538e-09,0.0172984055,0.111026689,1.48901653e-08,1.03621952e-08,1.88095062e-10,1.08851799e-11,1.92461785e-10,1.68913796e-10,2.69044438e-08,4.35234436e-12,1.48175951e-11,1.97392141e-15,1.06704238e-15,7.15553923e-09,1.06740737e-08,9.21003469e-10,1.68210148e-08,1.7161162e-08,2.2439852e-08,3.24270584e-08,5.14944923e-09,0.000249010477,6.33443794e-08,2.29542011e-07,2.77304919e-08,6.81473545e-09,1.70825787e-06,6.64462933e-12,5.06204683e-13,1.83247598e-08,1.60363709e-08,6.27359458e-07,7.77644675e-08,0.732179805,1.67339884e-18,9.05289288e-23,1.15486821e-22,7.88624229e-13,1.98335625e-13
0.01453125,-0.275822347,22.9250533,-251.284305,2021.55589,0.163302181,0.000585594658,0.00010147578,0.000978694173,0.0206364523,0.00395622408,0.114056546,4.28917435e-06,2.21688261e-07,4.40781861e-11,1.0921091e-10,6.95682096e-10,5.63405415e-11,3.83913287e-09,4.83960047e-09,0.0163445754,0.110458887,1.32090161e-08,5.12730014e-09,9.09923677e-11,5.40587167e-12,9.50008811e-11,7.71604752e-11,1.21953038e-08,1.9024631e-12,6.10741603e-12,7.21943501e-16,2.72965931e-16,3.44710666e-09,5.53794865e-09,4.4156842e-10,1.34864146e-08,1.36357748e-08,1.70392133e-08,2.38501798e-08,5.00940427e-09,0.000246295349,6.66996404e-08,2.40423815e-07,2.50022668e-08,5.19571248e-09,1.31219179e-06,5.05127488e-12,2.36903674e-13,1.25793185e-08,1.27673726e-08,5.02998556e-07,6.28921524e-08,0.73262838,1.64816249e-18,1.66145798e-23,2.02017964e-23,4.0020717e-13,8.47282945e-14
0.0145546875,-0.276040093,22.8566681,-251.284305,2016.73552,0.163809128,0.000554649626,9.86382326e-05,0.0010149654,0.0222962143,0.00400055365,0.113446156,4.52056901e-06,2.28641143e-07,1.83061317e-11,4.95883147e-11,3.26569171e-10,2.65283024e-11,1.83464448e-09,2.43863884e-09,0.0154354552,0.109830726,1.19056063e-08,2.52029359e-09,4.35276124e-11,2.65635171e-12,4.65061021e-11,3.4656394e-11,5.45414639e-09,8.23430187e-13,2.51416522e-12,2.73543426e-16,7.00118442e-17,1.63545056e-09,2.84534187e-09,2.08895843e-10,1.08759884e-08,1.08428281e-08,1.29258566e-08,1.75669918e-08,4.86025411e-09,0.000243478429,7.0069283e-08,2.52084318e-07,2.27403955e-08,3.93797329e-09,1.00475407e-06,3.82298402e-12,1.09302553e-13,8.65990492e-09,1.01233784e-08,4.02231938e-07,5.05576578e-08,0.733072502,1.62320315e-18,3.08519529e-24,3.57431891e-24,2.01319211e-13,3.62715727e-14
0.014578125,-0.276218923,22.7879117,-251.284305,2011.65028,0.16433853,0.000525317466,9.56600922e-05,0.00104767995,0.0240066499,0.00403392642,0.11281675,4.74973464e-06,2.35344708e-07,7.51370041e-12,2.22455219e-11,1.51933725e-10,1.23664122e-11,8.71927352e-10,1.22285372e-09,0.0145693111,0.10914549,1.08210821e-08,1.23742848e-09,2.06364913e-11,1.29441519e-12,2.26260262e-11,1.53308217e-11,2.41035866e-09,3.53206891e-13,1.03452863e-12,1.06446913e-16,1.82345141e-17,7.65757125e-10,1.45010906e-09,9.76662288e-11,8.8365219e-09,8.64270653e-09,9.79966108e-09,1.2961987e-08,4.70382548e-09,0.000240583023,7.3457704e-08,2.64459424e-07,2.08667087e-08,2.96897213e-09,7.67282573e-07,2.88219077e-12,4.98603583e-14,5.98335085e-09,7.99832921e-09,3.20894723e-07,4.04244985e-08,0.733512078,1.59851659e-18,5.85013719e-25,6.42186682e-25,1.00534689e-13,1.55773895e-14
0.0146015625,-0.276357556,22.7187847,-251.284305,2006.29349,0.164891398,0.000497487018,9.2572933e-05,0.00107680031,0.0257649465,0.00405681522,0.112169379,4.97647626e-06,2.41822373e-07,3.06060586e-12,9.89022952e-12,7.02656972e-11,5.72213824e-12,4.12868211e-10,6.10961516e-10,0.0137444318,0.108406393,9.87310557e-09,6.11693446e-10,9.71790758e-12,6.26873721e-13,1.09628776e-11,6.69021819e-12,1.05411594e-09,1.50288146e-13,4.25812119e-13,4.22103934e-17,4.8986111e-18,3.54572474e-10,7.34222667e-10,4.51967528e-11,7.24367048e-09,6.91766671e-09,7.42766602e-09,9.58371233e-09,4.54176433e-09,0.000237628057,7.68700045e-08,2.77493788e-07,1.93131999e-08,2.22793542e-09,5.8464414e-07,2.16580447e-12,2.25574599e-14,4.15163459e-09,6.29993233e-09,2.55474101e-07,3.21696472e-08,0.73394702,1.57409863e-18,1.15387993e-25,1.17490904e-25,4.99134028e-14,6.71745634e-15
0.014625,-0.276454769,22.6492875,-251.284305,2000.6589,0.165468737,0.000471058525,8.94049074e-05,0.00110232132,0.0275684424,0.00406969688,0.111504954,5.20069697e-06,2.48098563e-07,1.24359489e-12,4.37282607e-12,3.24109149e-11,2.63533598e-12,1.95121082e-10,3.04483871e-10,0.0129591475,0.107616545,9.01955771e-09,3.08038448e-10,4.55522147e-12,3.02362438e-13,5.30085526e-12,2.88451705e-12,4.56829697e-10,6.34943586e-14,1.7543058e-13,1.69562215e-17,1.38075866e-18,1.62689687e-10,3.69879964e-10,2.07329489e-11,5.99760266e-09,5.57002245e-09,5.63021518e-09,7.10206906e-09,4.3755465e-09,0.000234628799,8.0311873e-08,2.91140542e-07,1.80217659e-08,1.66495971e-09,4.44702354e-07,1.62311207e-12,1.0155839e-14,2.89432805e-09,4.94925886e-09,2.03028124e-07,2.54949419e-08,0.734377239,1.54994517e-18,2.45636503e-26,2.19346282e-26,2.46726586e-14,2.91085381e-15
0.0146484375,-0.276509411,22.5794205,-251.284305,1994.74082,0.166071546,0.000445942571,8.61810092e-05,0.00112426489,0.0294146222,0.004073047,0.110824264,5.42238374e-06,2.54198305e-07,5.07375659e-13,1.9302228e-12,1.49679896e-11,1.21152687e-12,9.21900559e-11,1.51530503e-10,0.012211843,0.10677894,8.23880764e-09,1.60731021e-10,2.12993831e-12,1.45551331e-13,2.56299604e-12,1.23054351e-12,1.9645537e-10,2.6662196e-14,7.23884154e-14,6.87344275e-18,4.14375969e-19,7.41191361e-11,1.85655682e-10,9.44119189e-12,5.01905825e-09,4.51985182e-09,4.26944429e-09,5.27612788e-09,4.2064901e-09,0.000231597491,8.37895118e-08,3.05360581e-07,1.69434999e-08,1.23975582e-09,3.37818238e-07,1.2138371e-12,4.56788384e-15,2.0281278e-09,3.87979921e-09,1.61109422e-07,2.01333472e-08,0.734802657,1.52605215e-18,5.9884726e-27,4.1883072e-27,1.21595907e-14,1.26827389e-15
0.014671875,-0.276520404,22.5091838,-251.284305,1988.53408,0.166700811,0.000422058971,8.29233451e-05,0.00114267559,0.0313011075,0.00406733658,0.110127991,5.64159555e-06,2.60146966e-07,2.09667007e-13,8.54519866e-13,6.95210899e-12,5.57717119e-13,4.36161823e-11,7.53826789e-11,0.0115009637,0.105896442,7.51935965e-09,8.88143865e-11,9.95562127e-13,7.00694641e-14,1.24165637e-12,5.20133487e-13,8.39420183e-11,1.11391142e-14,2.99337175e-14,2.80515191e-18,1.33387301e-19,3.359582e-11,9.29696767e-11,4.27370314e-12,4.24579624e-09,3.7025518e-09,3.23996105e-09,3.93017673e-09,4.03576822e-09,0.000228543923,8.73096e-08,3.20121586e-07,1.60377487e-08,9.20264555e-10,2.56401417e-07,9.0634964e-13,2.06181091e-15,1.4288639e-09,3.03621681e-09,1.27695034e-07,1.58513817e-08,0.7352232,1.5024156e-18,1.76925431e-27,8.21339421e-28,5.98283268e-15,5.55924051e-16
0.0146953125,-0.276486751,22.4385774,-251.284305,1982.03411,0.16735751,0.000399335688,7.96514006e-05,0.0011576169,0.0332256449,0.00405303018,0.109416735,5.85845329e-06,2.65970088e-07,8.8748859e-14,3.8145648e-13,3.26488836e-12,2.5798482e-13,2.06952701e-11,3.75237838e-11,0.0108250199,0.104971781,6.85459058e-09,5.3129621e-11,4.66191188e-13,3.38024161e-14,6.03927769e-13,2.18123012e-13,3.56814181e-11,4.63496326e-15,1.24114627e-14,1.15121593e-18,4.59455088e-20,1.51805919e-11,4.65043372e-11,1.92563373e-12,3.62944784e-09,3.06645055e-09,2.46143601e-09,2.93606104e-09,3.86442146e-09,0.000225475906,9.08792865e-08,3.35396867e-07,1.52710778e-08,6.81292115e-10,1.94519402e-07,6.76060226e-13,9.38929621e-16,1.01236129e-09,2.37297523e-09,1.01122954e-07,1.24488709e-08,0.735638807,1.47903164e-18,6.35594298e-28,1.66887299e-28,2.94259071e-15,2.4526235e-16
0.01471875,-0.276407538,22.3676013,-251.284305,1975.2369,0.168042606,0.000377707824,7.63822925e-05,0.00116916814,0.0351860933,0.00403058508,0.108691023,6.07313112e-06,2.71693302e-07,3.90036981e-14,1.72789032e-13,1.56001848e-12,1.20389135e-13,9.86333823e-12,1.87073551e-11,0.0101825861,0.104007558,6.24015408e-09,3.48702595e-11,2.19216047e-13,1.63747548e-14,2.95531505e-13,9.08669055e-14,1.51068311e-11,1.92277876e-15,5.16290281e-15,4.74861787e-19,1.67645244e-20,6.85167859e-12,2.32627056e-11,8.64761273e-13,3.13278845e-09,2.57060137e-09,1.87278786e-09,2.20024997e-09,3.69336982e-09,0.000222399682,9.45062058e-08,3.51164112e-07,1.46162407e-08,5.03252958e-10,1.4756587e-07,5.04022428e-13,4.34096068e-16,7.21454271e-10,1.85295983e-09,8.00355403e-08,9.7569779e-09,0.736049431,1.45589648e-18,2.63043192e-28,3.57812929e-29,1.44845355e-15,1.0895336e-16
0.0147421875,-0.276281935,22.2962553,-251.284305,1968.13907,0.168757052,0.000357116698,7.31310035e-05,0.00117742195,0.0371804099,0.00400045105,0.107951325,6.2858491e-06,2.77342292e-07,1.80489408e-14,7.99893091e-14,7.63735722e-13,5.69305974e-14,4.72920581e-12,9.34927284e-12,0.00957230053,0.103006245,5.67273926e-09,2.50439766e-11,1.03785978e-13,7.98291783e-15,1.45819419e-13,3.76488851e-14,6.37787237e-12,7.96054566e-16,2.15580176e-15,1.96865793e-19,6.39593312e-21,3.09494883e-12,1.16492952e-11,3.87539548e-13,2.72742465e-09,2.18282218e-09,1.42766165e-09,1.65440644e-09,3.52342382e-09,0.000219320247,9.81985131e-08,3.67404084e-07,1.40512084e-08,3.71063996e-10,1.11984686e-07,3.75750702e-13,2.05206563e-16,5.17217659e-10,1.44617191e-09,6.33297264e-08,7.63524552e-09,0.736455033,1.43300639e-18,1.178826e-28,8.3636123e-30,7.14351593e-16,4.87539375e-17
0.014765625,-0.276109197,22.2245391,-251.284305,1960.73782,0.169501791,0.000337509023,6.99105965e-05,0.00118248211,0.0392066387,0.00396307046,0.107198064,6.49686668e-06,2.82942804e-07,8.89116393e-15,3.81276685e-14,3.85886767e-13,2.74201884e-14,2.28498579e-12,4.68788401e-12,0.0089928619,0.101970192,5.14949833e-09,1.93573202e-11,4.96270551e-14,3.92598953e-15,7.2721365e-14,1.55325493e-14,2.68803206e-12,3.29248977e-16,9.0406856e-16,8.20468945e-20,2.5213397e-21,1.40178269e-12,5.84565264e-12,1.73524547e-13,2.39187325e-09,1.8780032e-09,1.09093588e-09,1.24853032e-09,3.3552946e-09,0.00021624163,1.01964933e-07,3.840993e-07,1.35582903e-08,2.73204472e-10,8.50441261e-08,2.80243915e-13,9.99328489e-17,3.7305987e-10,1.12854054e-09,5.01137418e-08,5.9681877e-09,0.736855591,1.41035776e-18,5.49756645e-29,2.22840381e-30,3.53343152e-16,2.19832055e-17
0.0147890625,-0.275888668,22.1524524,-251.284305,1953.03094,0.170277754,0.000318836181,6.67324099e-05,0.00118446181,0.0412628978,0.0039188787,0.10643163,6.70647705e-06,2.88520686e-07,4.68130582e-15,1.88424071e-14,2.02547853e-13,1.35255533e-14,1.11454168e-12,2.36032627e-12,0.00844302607,0.100901637,4.66779553e-09,1.57562624e-11,2.40592796e-14,1.95305153e-15,3.67541038e-14,6.38791189e-15,1.13218573e-12,1.36177252e-16,3.80982044e-16,3.43878381e-20,1.01789156e-21,6.37778079e-13,2.94202276e-12,7.7721946e-14,2.1099955e-09,1.63667917e-09,8.36037341e-10,9.45979246e-10,3.18960319e-09,0.000213167098,1.05814821e-07,4.0123272e-07,1.31233627e-08,2.00937391e-10,6.46547389e-08,2.09194777e-13,5.04870677e-17,2.70746728e-10,8.80873618e-10,3.96699326e-08,4.66179747e-09,0.737251094,1.38794706e-18,2.61679918e-29,7.00850404e-31,1.7545532e-16,9.99145017e-18
0.0148125,-0.275619774,22.0799949,-251.284305,1945.01682,0.171085865,0.000301053599,6.36062329e-05,0.00118348214,0.0433473692,0.00386830453,0.105652379,6.91500215e-06,2.94101949e-07,2.62282729e-15,9.70328558e-15,1.10958188e-13,6.87109554e-15,5.49935448e-13,1.19431557e-12,0.00792160209,0.0998027124,4.22510598e-09,1.32518155e-11,1.18831914e-14,9.85859477e-16,1.88824675e-14,2.62157738e-15,4.77065964e-13,5.63774578e-17,1.61417412e-16,1.45009691e-20,4.18327707e-22,2.91989281e-13,1.48624562e-12,3.48628543e-14,1.86974165e-09,1.44384695e-09,6.42884705e-10,7.19853777e-10,3.02688885e-09,0.00021009933,1.09758234e-07,4.18786458e-07,1.27352039e-08,1.47678132e-10,4.92241639e-08,1.56360403e-13,2.66007242e-17,1.97723212e-10,6.8795325e-10,3.14231638e-08,3.64020824e-09,0.737641543,1.36577086e-18,1.26111974e-29,2.59326223e-31,8.75374715e-17,4.57888072e-18
0.0148359375,-0.275302028,22.0071661,-251.284305,1936.69443,0.171927041,0.000284120202,6.05404628e-05,0.00117967076,0.0454582903,0.00381177048,0.104860649,7.12278826e-06,2.99712851e-07,1.54728173e-15,5.21798165e-15,6.35456415e-14,3.61296366e-15,2.75132406e-13,6.07815927e-13,0.00742744809,0.0986754541,3.81898162e-09,1.13617581e-11,6.01579997e-15,5.0679454e-16,9.89450712e-15,1.07472697e-15,2.0130524e-13,2.33851713e-17,6.8797082e-17,6.15539406e-21,1.74343538e-22,1.34729248e-13,7.54200478e-13,1.56784881e-14,1.66215905e-09,1.28800155e-09,4.96318102e-10,5.50371688e-10,2.86761663e-09,0.000207040547,1.13806008e-07,4.36740521e-07,1.23849331e-08,1.08491113e-10,3.75425856e-08,1.17068138e-13,1.46513119e-17,1.45306495e-10,5.37770296e-10,2.49142379e-08,2.84264494e-09,0.738026953,1.3438258e-18,6.13637886e-30,1.08551004e-31,4.39154712e-17,2.1164851e-18
0.014859375,-0.274935024,21.9339656,-251.284305,1928.06327,0.172802195,0.000267997949,5.75422469e-05,0.00117316082,0.047593945,0.00374969318,0.104056759,7.33020207e-06,3.05379988e-07,9.48951531e-16,2.92641595e-15,3.79856308e-14,1.97355077e-15,1.39940036e-13,3.11379058e-13,0.00695946718,0.0975218103,3.44704556e-09,9.84580965e-12,3.14412535e-15,2.66419187e-16,5.3078806e-15,4.40547512e-16,8.51475815e-14,9.72778192e-18,2.95116054e-17,2.6315136e-21,7.34836026e-23,6.27442647e-14,3.84702967e-13,7.076855e-15,1.4806185e-09,1.16036026e-09,3.84902848e-10,4.22958588e-10,2.7121841e-09,0.000203992616,1.17969849e-07,4.55071616e-07,1.20655429e-08,7.96942015e-11,2.86931432e-08,8.78321135e-14,8.42726132e-18,1.07463888e-10,4.20886544e-10,1.97777401e-08,2.22073065e-09,0.738407349,1.32210863e-18,3.0129848e-30,4.91284546e-32,2.21689007e-17,9.87014658e-19
0.0148828125,-0.274518438,21.860393,-251.284305,1919.12344,0.173712235,0.000252651438,5.46176084e-05,0.00116408996,0.0497526582,0.00368248352,0.103241017,7.53762703e-06,3.11130411e-07,5.9809465e-16,1.70462786e-15,2.35999003e-14,1.12162378e-15,7.25777736e-14,1.60709189e-13,0.0065166036,0.0963436488,3.1069969e-09,8.57999275e-12,1.70997623e-15,1.43873468e-16,2.92617991e-15,1.80741713e-16,3.6136161e-14,4.0618129e-18,1.27481141e-17,1.13362364e-21,3.1241071e-23,2.95286813e-14,1.97365516e-13,3.2094618e-15,1.32021783e-09,1.05424536e-09,3.00020025e-10,3.26857452e-10,2.56092751e-09,0.000200957126,1.2226243e-07,4.73752013e-07,1.17715157e-08,5.85515344e-11,2.19823897e-08,6.6058651e-14,5.04207597e-18,7.99838577e-11,3.29910122e-10,1.57237299e-08,1.73616651e-09,0.738782767,1.30061618e-18,1.49338665e-30,2.32838981e-32,1.12681395e-17,4.64523989e-19
0.01490625,-0.274052024,21.7864478,-251.284305,1909.87552,0.174658068,0.000238047561,5.17715601e-05,0.00115259938,0.0519327898,0.00361054678,0.10241372,7.74546016e-06,3.16991746e-07,3.83925188e-16,1.02534208e-15,1.51514701e-14,6.62643094e-16,3.85040853e-14,8.364009e-14,0.00609783907,0.0951427653,2.79661834e-09,7.49688491e-12,9.75006525e-16,8.01790762e-17,1.66378156e-15,7.42835116e-17,1.54015338e-14,1.70389983e-18,5.54821691e-18,4.92332841e-22,1.33463655e-23,1.40581982e-14,1.01897921e-13,1.46396001e-15,1.17732703e-09,9.64597669e-10,2.35176434e-10,2.54114335e-10,2.41412735e-09,0.000197935447,1.26697495e-07,4.92748504e-07,1.14985105e-08,4.30373907e-11,1.68866586e-08,4.98218105e-14,3.1200574e-18,5.99117696e-11,2.59068712e-10,1.2522729e-08,1.3587726e-09,0.739153253,1.27934538e-18,7.47758632e-31,1.13534655e-32,5.77025379e-18,2.20693289e-19
0.0149296875,-0.273535615,21.7121295,-251.284305,1900.32065,0.175640604,0.000224155222,4.90082064e-05,0.00113883305,0.054132731,0.0035342826,0.101575159,7.95410902e-06,3.22992326e-07,2.49414516e-16,6.32942055e-16,9.99122315e-15,4.05725822e-16,2.09615618e-14,4.3936581e-14,0.00570218951,0.0939208892,2.51378335e-09,6.55706901e-12,5.85976652e-16,4.62991144e-17,9.78512114e-16,3.06110751e-17,6.59821774e-15,7.18724318e-19,2.43408436e-18,2.15660344e-22,5.69060102e-24,6.77653398e-15,5.29699139e-14,6.72309326e-16,1.04924464e-09,8.87596349e-10,1.854819e-10,1.98837184e-10,2.27201334e-09,0.000194928776,1.31289984e-07,5.1202148e-07,1.12431111e-08,3.1656271e-11,1.30109305e-08,3.76935765e-14,1.98449797e-18,4.51643566e-11,2.03865532e-10,9.99349775e-09,1.06485986e-09,0.73951886,1.25829323e-18,3.78572743e-31,5.64764975e-33,2.97854412e-18,1.05872637e-19
0.014953125,-0.272969117,21.6374377,-251.284305,1890.46044,0.176660753,0.000210945093,4.63308341e-05,0.00112293694,0.0563509006,0.00345408481,0.100725622,8.16398888e-06,3.29161348e-07,1.63289993e-16,3.98699969e-16,6.72981856e-15,2.56314443e-16,1.17428415e-14,2.3319905e-14,0.00532870209,0.09267969,2.25646167e-09,5.73538779e-12,3.71834431e-16,2.77830642e-17,5.96289617e-16,1.26586618e-17,2.84385701e-15,3.05099896e-19,1.07698185e-18,9.53166814e-23,2.39008385e-24,3.30965094e-15,2.77375877e-14,3.1115609e-16,9.33940786e-10,8.20364049e-10,1.4725397e-10,1.5665325e-10,2.13476899e-09,0.000191938169,1.36056161e-07,5.31524147e-07,1.10026251e-08,2.33068216e-11,1.00574336e-08,2.86161336e-14,1.28996242e-18,3.42652484e-11,1.60804224e-10,7.99314439e-09,8.35894904e-10,0.739879652,1.23745681e-18,1.93971937e-31,2.85561922e-33,1.5505793e-18,5.12986977e-20
0.0149765625,-0.272352509,21.5623721,-251.284305,1880.29698,0.177719432,0.000198389404,4.37419953e-05,0.00110505835,0.0585857431,0.00337034119,0.0998653926,8.37552003e-06,3.35529027e-07,1.07441805e-16,2.55070818e-16,4.60914286e-15,1.66234854e-16,6.78345751e-15,1.25201491e-14,0.00497645273,0.0914207824,2.02272309e-09,5.0142525e-12,2.48495296e-16,1.73461256e-17,3.76582144e-16,5.25749579e-18,1.23416982e-15,1.30449448e-19,4.80819911e-19,4.2518253e-23,9.62108048e-25,1.63869937e-15,1.46378421e-14,1.4526845e-16,8.29866766e-10,7.60739591e-10,1.17719372e-10,1.2431117e-10,2.00253582e-09,0.000188964563,1.41013766e-07,5.5120192e-07,1.07749239e-08,1.71795816e-11,7.80177105e-09,2.18062709e-14,8.5280855e-19,2.61627762e-11,1.27170329e-10,6.40916761e-09,6.57416922e-10,0.740235698,1.21683331e-18,1.00676327e-31,1.46580575e-33,8.14452989e-19,2.51112849e-20
0.015,-0.271685838,21.4869323,-251.284305,1869.83282,0.178817563,0.000186461766,4.12435814e-05,0.0010853452,0.0608357264,0.00328343317,0.0989947554,8.58912526e-06,3.42126778e-07,7.0926204e-17,1.65121592e-16,3.19829443e-15,1.10145084e-16,4.04462773e-15,6.80794196e-15,0.00464454386,0.0901457307,1.8107394e-09,4.38033383e-12,1.73852412e-16,1.12592452e-17,2.46143643e-16,2.19482276e-18,5.39741931e-16,5.62230343e-20,2.16701956e-19,1.91444946e-23,3.47016747e-25,8.22932909e-16,7.78824894e-15,6.84779101e-17,7.35815352e-10,7.07103711e-10,9.47888567e-11,9.93886623e-11,1.87541714e-09,0.0001860088,1.46182181e-07,5.70992008e-07,1.05583161e-08,1.26805699e-11,6.07483035e-09,1.66841196e-14,5.71262549e-19,2.01039095e-11,1.00858699e-10,5.15308548e-09,5.18167152e-10,0.740587075,1.19641998e-18,5.29768345e-32,7.63684402e-34,4.31829882e-19,1.24217171e-20
0.0150234375,-0.270969219,21.411118,-251.284305,1859.07095,0.179956078,0.000175137027,3.88368906e-05,0.00106394547,0.0630993417,0.00319373536,0.0981139933,8.80522732e-06,3.48987409e-07,4.69223572e-17,1.07863319e-16,2.24251606e-15,7.42404618e-17,2.48840878e-15,3.75436373e-15,0.00433210261,0.0888560523,1.618785e-09,3.82288825e-12,1.26337576e-16,7.57886209e-18,1.66073001e-16,9.21692387e-19,2.38062169e-16,2.444571e-20,9.86389308e-20,8.70023097e-24,8.73860053e-26,4.19335956e-16,4.17963754e-15,3.26216084e-17,6.50819434e-10,6.582461e-10,7.68875837e-11,8.00774278e-11,1.75348159e-09,0.000183071633,1.51582621e-07,5.90823238e-07,1.03514496e-08,9.37445234e-12,4.74911287e-09,1.28202037e-14,3.86632243e-19,1.55466383e-11,8.02378746e-11,4.15535728e-09,4.09394574e-10,0.740933862,1.17621417e-18,2.82836714e-32,4.03937802e-34,2.31218347e-19,6.21088514e-21
0.015046875,-0.270202832,21.3349291,-251.284305,1848.01478,0.181135921,0.000164391144,3.65226888e-05,0.00104100656,0.0653751023,0.00310161509,0.0972233906,9.02424648e-06,3.56145338e-07,3.10875672e-17,7.09563636e-17,1.58569493e-15,5.07241305e-17,1.57729411e-15,2.10283572e-15,0.00403827934,0.0875532209,1.44523621e-09,3.33288398e-12,9.45982279e-17,5.27056824e-18,1.15263244e-16,3.89641233e-19,1.0598096e-16,1.07311399e-20,4.53660704e-20,3.98887374e-24,-1.64182477e-26,2.16907019e-16,2.26337015e-15,1.57185191e-17,5.74079372e-10,6.13264339e-10,6.28274671e-11,6.5024627e-11,1.63676638e-09,0.000180153743,1.57238346e-07,6.10616122e-07,1.01532332e-08,6.9424429e-12,3.72842542e-09,9.89619977e-15,2.63836357e-19,1.20987974e-11,6.40439332e-11,3.36135125e-09,3.24305767e-10,0.741276147,1.15621328e-18,1.53290917e-32,2.1695779e-34,1.2507872e-19,3.13973914e-21
0.0150703125,-0.269386919,21.2583654,-251.284305,1836.66811,0.182358046,0.000154201073,3.43012648e-05,0.00101667477,0.0676615438,0.00300743188,0.0963232327,9.24659803e-06,3.6363682e-07,2.06172792e-17,4.693754e-17,1.12915354e-15,3.50329957e-17,1.02745926e-15,1.19808208e-15,0.00376224641,0.0862386689,1.28856966e-09,2.90252367e-12,7.24644159e-17,3.77046821e-18,8.19844215e-17,1.65940601e-19,4.76574157e-17,4.75967609e-21,2.10909607e-20,1.84336194e-24,-5.23816029e-26,1.13943811e-16,1.23730763e-15,7.6670822e-18,5.04911679e-10,5.71487325e-10,5.17111923e-11,5.32158584e-11,1.52528028e-09,0.000177255741,1.63174908e-07,6.30283198e-07,9.9627778e-09,5.15122545e-12,2.94012064e-09,7.67591273e-15,1.81254541e-19,9.47515434e-12,5.12977126e-11,2.7281532e-09,2.57631398e-10,0.741614019,1.13641481e-18,8.43602928e-33,1.18239408e-34,6.83895175e-20,1.60513753e-21
0.01509375,-0.26852178,21.1814269,-251.284305,1825.03513,0.183623424,0.00014454468,3.2172481e-05,0.000991094764,0.0699572249,0.00291153687,0.0954138072,9.47268983e-06,3.71500215e-07,1.36830282e-17,3.11889227e-17,8.08887339e-16,2.44062582e-17,6.85710025e-16,6.95420755e-16,0.00350319728,0.0849137891,1.14735993e-09,2.52496774e-12,5.64579734e-17,2.7627881e-18,5.95438652e-17,7.12453017e-20,2.16631817e-17,2.1346518e-21,9.91566246e-21,8.5727512e-25,-5.95563548e-26,6.08167092e-17,6.83126347e-16,3.78883418e-18,4.42713439e-10,5.32417381e-10,4.28600864e-11,4.38886454e-11,1.41900646e-09,0.000174378177,1.69420433e-07,6.49729641e-07,9.77934887e-09,3.83007769e-12,2.32926313e-09,5.9838396e-15,1.2522276e-19,7.46716609e-12,4.12404363e-11,2.22204798e-09,2.05286182e-10,0.741947573,1.11681635e-18,4.71040722e-33,6.48579946e-35,3.78131888e-20,8.30085845e-22
0.0151171875,-0.267607774,21.1041137,-251.284305,1813.12038,0.184933042,0.000135400661,3.01358195e-05,0.000964409062,0.0722607276,0.0028142722,0.0944954036,9.7029197e-06,3.79776266e-07,9.08564437e-18,2.08015392e-17,5.82502432e-16,1.71232582e-17,4.67330274e-16,4.11834852e-16,0.00326034586,0.0835799362,1.02027658e-09,2.19416174e-12,4.45377641e-17,2.06543829e-18,4.40137723e-17,3.0858398e-20,9.96137453e-18,9.68773413e-22,4.71603989e-21,4.00170927e-25,-5.52993712e-26,3.29986394e-17,3.81096403e-16,1.8983021e-18,3.86938191e-10,4.95686562e-10,3.57599417e-11,3.64683775e-11,1.31790501e-09,0.000171521543,1.76005934e-07,6.68854158e-07,9.60233113e-09,2.85407198e-12,1.85424714e-09,4.68935128e-15,8.69293343e-20,5.92156409e-12,3.32837749e-11,1.81653646e-09,1.64103201e-10,0.742276903,1.09741554e-18,2.60358108e-33,3.3588847e-35,2.11524537e-20,4.34354591e-22
0.015140625,-0.266645313,21.0264259,-251.284305,1800.92874,0.186287905,0.00012674848,2.81904242e-05,0.000936757584,0.0745706582,0.00271597042,0.0935683138,9.93767283e-06,3.88508416e-07,6.03519252e-18,1.39173338e-17,4.21443557e-16,1.20839151e-17,3.24230606e-16,2.49154157e-16,0.00303292597,0.0822384277,9.06080809e-10,1.90471951e-12,3.54542682e-17,1.57011446e-18,3.30203994e-17,1.3492511e-20,4.63692487e-18,4.45235391e-22,2.2700007e-21,1.86716191e-25,-4.725097e-26,1.82113588e-17,2.14933961e-16,9.64978427e-19,3.37080081e-10,4.61023685e-10,3.00203341e-11,3.05208045e-11,1.22191542e-09,0.000168686276,1.82965686e-07,6.87550138e-07,9.4312006e-09,2.13176267e-12,1.48350611e-09,3.69502578e-15,6.06001958e-20,4.72511798e-12,2.69711763e-11,1.49077724e-09,1.31626971e-10,0.742602109,1.07821011e-18,1.25351357e-34,8.69440148e-36,1.19777401e-20,2.30039559e-22
0.0151640625,-0.265634861,20.948364,-251.284305,1788.46541,0.187689038,0.000118568308,2.63351392e-05,0.000908277202,0.0768856488,0.00261695385,0.0926328326,1.01773189e-05,3.97743161e-07,4.01000511e-18,9.33667105e-18,3.06216649e-16,8.56978491e-18,2.28354662e-16,1.54137748e-16,0.00282019112,0.0808905446,8.03621733e-10,1.65183775e-12,2.84094717e-17,1.21033071e-18,2.50862444e-17,5.95928393e-21,2.18652984e-18,2.07375551e-22,1.10616983e-21,8.65075144e-26,-3.86705954e-26,1.02277926e-17,1.22618753e-16,4.98023951e-19,2.92663903e-10,4.28229454e-10,2.53440766e-11,2.57167516e-11,1.13095883e-09,0.000165872763,1.90337645e-07,7.05707058e-07,9.26550323e-09,1.5961753e-12,1.19304224e-09,2.92804382e-15,4.24035076e-20,3.79374367e-12,2.19479657e-11,1.22836404e-09,1.05952687e-10,0.74292329,1.05919785e-18,7.18267999e-36,2.15986536e-36,6.86970974e-21,1.23348415e-22
0.0151875,-0.264576934,20.8699284,-251.284305,1775.73591,0.18913749,0.000110840977,2.45685443e-05,0.000879101331,0.0792043578,0.00251753397,0.0916892571,1.04222094e-05,4.07530433e-07,2.66492332e-18,6.27847567e-18,2.23368499e-16,6.10341847e-18,1.62872724e-16,9.75659752e-17,0.00262141434,0.0795375316,7.11832515e-10,1.43122906e-12,2.28726457e-17,9.439831e-19,1.92648929e-17,2.66040444e-21,1.04517309e-18,9.79619932e-23,5.45897942e-22,3.93672307e-26,-3.08425331e-26,5.84786749e-18,7.08037838e-17,2.61113295e-19,2.53239223e-10,3.97157659e-10,2.15042805e-11,2.1805867e-11,1.04494014e-09,0.000163081344,1.9816393e-07,7.23212086e-07,9.10483837e-09,1.19821962e-12,9.64571368e-10,2.33384083e-15,2.97704464e-20,3.06467979e-12,1.79382506e-11,1.01636754e-09,8.56016068e-11,0.743240548,1.04037665e-18,1.1282722e-36,6.84635854e-37,3.99323679e-21,6.69864475e-23
0.0152109375,-0.263472092,20.7911196,-251.284305,1762.74602,0.190634332,0.000103547937,2.2888988e-05,0.000849359545,0.081525472,0.00241801084,0.0907378876,1.06726741e-05,4.17924032e-07,1.77124956e-18,4.23078502e-18,1.63531938e-16,4.36300591e-18,1.17410818e-16,6.31953819e-17,0.00243588817,0.0781805973,6.29726317e-10,1.23906674e-12,1.84774768e-17,7.43607102e-19,1.49335217e-17,1.20119721e-21,5.06772542e-19,4.69707977e-23,2.72918837e-22,1.72623866e-26,-2.41717388e-26,3.40491953e-18,4.1408561e-17,1.39154156e-19,2.18377284e-10,3.67700943e-10,1.83271248e-11,1.85970586e-11,9.63749973e-10,0.000160312312,2.06491392e-07,7.39951859e-07,8.94884594e-09,9.01878359e-13,7.84129076e-10,1.8714206e-15,2.09646337e-20,2.4908413e-12,1.47270936e-11,8.44585122e-10,6.94245899e-11,0.743553985,1.02174444e-18,5.98160328e-37,7.62084687e-37,2.35412443e-21,3.68577093e-23
0.015234375,-0.262320943,20.7119386,-251.284305,1749.5018,0.192180661,9.66712225e-05,2.12946166e-05,0.000819177224,0.0838477075,0.00231867251,0.0897790266,1.09290179e-05,4.28982108e-07,1.1773473e-18,2.85620607e-18,1.20136135e-16,3.12914222e-18,8.54071393e-17,4.18704006e-17,0.00226292473,0.0768209139,5.56392208e-10,1.07193771e-12,1.49627132e-17,5.90790728e-19,1.16720071e-17,5.48838427e-22,2.49405227e-19,2.28778798e-23,1.38267063e-22,7.01883746e-27,-1.86860484e-26,2.01900032e-18,2.45449266e-17,7.54170123e-20,1.87669713e-10,3.3978e-10,1.56789061e-11,1.59438888e-11,8.87266567e-10,0.000157565916,2.15372256e-07,7.55814377e-07,8.79719646e-09,6.80694453e-13,6.41022606e-10,1.50989213e-15,1.48042961e-20,2.03672496e-12,1.21467565e-11,7.04953798e-10,5.65275265e-11,0.743863704,1.00329925e-18,5.70068052e-37,2.45844034e-36,1.40852241e-21,2.05562081e-23
0.0152578125,-0.261124138,20.6323862,-251.284305,1736.00957,0.193777601,9.01934184e-05,1.97834025e-05,0.000788675235,0.0861698111,0.00221979445,0.0888129799,1.11915174e-05,4.40767694e-07,7.82595993e-19,1.93138966e-18,8.85423744e-17,2.25083629e-18,6.2611438e-17,2.83533979e-17,0.00210185583,0.0754596173,4.90991038e-10,9.26801052e-13,1.21367285e-17,4.72882238e-19,9.19063358e-18,2.539086e-22,1.24661164e-19,1.13287078e-23,7.10052483e-23,2.39745771e-27,-1.42659485e-26,1.21899559e-18,1.47566118e-17,4.15853119e-20,1.60728337e-10,3.13335343e-10,1.34563e-11,1.37336519e-11,8.15357479e-10,0.000154842366,2.24864873e-07,7.7069095e-07,8.64958317e-09,5.15206995e-13,5.27041858e-10,1.22590716e-15,1.04804106e-20,1.67542609e-12,1.00660859e-11,5.91090784e-10,4.62137282e-11,0.744169807,9.85039174e-19,1.05655229e-36,9.10514753e-36,8.5595785e-22,1.16262298e-23
0.01528125,-0.259882368,20.5524635,-251.284305,1722.27585,0.195426305,8.40976349e-05,1.83531689e-05,0.000757969638,0.0884905617,0.00212163911,0.0878400557,1.14604166e-05,4.53349308e-07,5.20178597e-19,1.30791791e-18,6.54576155e-17,1.623374e-18,4.62114817e-17,1.96002471e-17,0.00195203324,0.0740978066,4.32751351e-10,8.00951267e-13,9.85562424e-18,3.80995435e-19,7.28571047e-18,1.18997958e-22,6.33204621e-20,5.70814913e-24,3.69713462e-23,4.25866789e-28,-1.07480424e-26,7.49033115e-19,9.00497673e-18,2.33384915e-20,1.37185589e-10,2.88321038e-10,1.15790327e-11,1.18791887e-11,7.47881223e-10,0.000152141831,2.35034595e-07,7.84478153e-07,8.50571583e-09,3.91079318e-13,4.3586471e-10,1.00176121e-15,7.4363079e-21,1.38645465e-12,8.38232061e-12,4.97934099e-10,3.79394426e-11,0.744472397,9.66962361e-19,3.01195466e-36,3.31596754e-35,5.28715785e-22,6.67190057e-24
0.0153046875,-0.258596363,20.472172,-251.284305,1708.30742,0.197127957,7.83674826e-05,1.70016141e-05,0.000727171429,0.0908087713,0.00202445536,0.0868605647,1.17359226e-05,4.66801621e-07,3.45718875e-19,8.8684009e-19,4.85324245e-17,1.17366403e-18,3.43113834e-17,1.38117525e-17,0.0018128288,0.0727365435,3.80965349e-10,6.91985108e-13,8.00923421e-18,3.08767534e-19,5.81160397e-18,5.65252998e-23,3.27028194e-20,2.9292034e-24,1.95233529e-23,-3.16487036e-28,-7.9696572e-27,4.68074335e-19,5.5815779e-18,1.33353668e-20,1.16695173e-10,2.64699916e-10,9.98435972e-12,1.03127426e-11,6.84688788e-10,0.000149464446,2.45954788e-07,7.97079705e-07,8.36531573e-09,2.97732e-13,3.62608093e-10,8.23983825e-16,5.28722115e-21,1.15412907e-12,7.01476567e-12,4.21461256e-10,3.12795056e-11,0.744771575,9.49067044e-19,9.55742959e-36,1.17313137e-34,3.32193078e-22,3.8871955e-24
0.015328125,-0.257266891,20.3915131,-251.284305,1694.11124,0.198883772,7.29870519e-05,1.5726332e-05,0.000696386318,0.0931232865,0.00192847818,0.0858748204,1.20182012e-05,4.81206218e-07,2.29740792e-19,6.01993755e-19,3.60829548e-17,8.50405983e-19,2.56121341e-17,9.90562378e-18,0.00168363475,0.0713768523,3.34984942e-10,5.97771581e-13,6.51188588e-18,2.51565085e-19,4.66267043e-18,2.72259518e-23,1.71822574e-20,1.53230807e-24,1.04584176e-23,-5.07703425e-28,-5.78612328e-27,2.9718434e-19,3.51634542e-18,7.75971694e-21,9.89327295e-11,2.42439937e-10,8.62290394e-12,8.98133702e-12,6.25625055e-10,0.000146810306,2.57708015e-07,8.08408237e-07,8.22811164e-09,2.27344005e-13,3.0348852e-10,6.82289784e-16,3.76611107e-21,9.66389367e-13,5.89990306e-12,3.58468995e-10,2.59008154e-11,0.745067442,9.3135152e-19,3.02592649e-35,4.02706125e-34,2.12446243e-22,2.30085889e-24
0.0153515625,-0.255894753,20.3104887,-251.284305,1679.69445,0.200695001,6.79408938e-05,1.4524833e-05,0.000665714532,0.0954329895,0.00183392821,0.0848831386,1.23073714e-05,4.96652447e-07,1.52618565e-19,4.09025307e-19,2.68973081e-17,6.17421193e-19,1.92112074e-17,7.21881066e-18,0.00156386387,0.0700197193,2.94217902e-10,5.1642467e-13,5.29611463e-18,2.0596369e-19,3.76131114e-18,1.33026073e-23,9.18834241e-21,8.17894334e-25,5.68471551e-24,-4.68852779e-28,-4.07560774e-27,1.91488017e-19,2.25281251e-18,4.5991451e-21,8.35963632e-11,2.2151144e-10,7.45551362e-12,7.84329062e-12,5.70530119e-10,0.000144179478,2.7038743e-07,8.18386865e-07,8.09383648e-09,1.74122242e-13,2.55564883e-10,5.68797265e-16,2.68694855e-21,8.13916147e-13,4.98760994e-12,3.06400672e-10,2.15418384e-11,0.745360098,9.13814153e-19,9.33697465e-35,1.34091012e-33,1.3837159e-22,1.38461931e-24
0.015375,-0.254480785,20.2291005,-251.284305,1665.06437,0.202562928,6.3214002e-05,1.33945618e-05,0.000635250663,0.0977367986,0.00174101149,0.0838858374,1.26035e-05,5.13238386e-07,1.01358745e-19,2.78131772e-19,2.00998223e-17,4.49087325e-19,1.44740154e-17,5.3374327e-18,0.00145294975,0.0686660927,2.58124145e-10,4.46278485e-13,4.30826631e-18,1.69399363e-19,3.04990593e-18,6.59567418e-24,5.00315357e-21,4.45876092e-25,3.13615802e-24,-3.48982055e-28,-2.73855531e-27,1.25061265e-19,1.46837338e-18,2.77685272e-21,7.04069323e-11,2.01885111e-10,6.4508883e-12,6.86558568e-12,5.1924052e-10,0.000141571994,2.84098401e-07,8.2695055e-07,7.96222465e-09,1.33766903e-13,2.16543183e-10,4.77443494e-16,1.91968835e-21,6.89473525e-13,4.23822962e-12,2.63210878e-10,1.7996763e-11,0.745649641,8.96453377e-19,2.7938304e-34,4.33005199e-33,9.18277086e-23,8.47823898e-25
0.0153984375,-0.253025855,20.147351,-251.284305,1650.22848,0.204488875,5.87917972e-05,1.23329141e-05,0.000605083534,0.10003367,0.00164991922,0.0828832372,1.29065954e-05,5.31071941e-07,6.72870615e-20,1.89244861e-19,1.50554336e-17,3.27189493e-19,1.09497665e-17,3.99822005e-18,0.00135034691,0.0673168818,2.26212141e-10,3.85864609e-13,3.50534119e-18,1.39930119e-19,2.48526191e-18,3.319568e-24,2.77501397e-21,2.48479865e-25,1.75656533e-24,-2.14494457e-28,-1.6950578e-27,8.26823381e-20,9.73935548e-19,1.70805011e-21,5.91080638e-11,1.83530508e-10,5.58378259e-12,6.02187534e-12,4.71590387e-10,0.000138987854,2.98960442e-07,8.34047182e-07,7.83300966e-09,1.03079643e-13,1.84627939e-10,4.0354693e-16,1.37312668e-21,5.8741694e-13,3.62030005e-12,2.27259133e-10,1.51032376e-11,0.745936169,8.79267688e-19,8.06732365e-34,1.35582088e-32,6.21075563e-23,5.2867566e-25
0.015421875,-0.251530859,20.0652424,-251.284305,1635.19441,0.206474201,5.46601122e-05,1.13372528e-05,0.000575296115,0.102322596,0.00156082753,0.0818756605,1.32166007e-05,5.50272098e-07,4.4645321e-20,1.28825222e-19,1.1301944e-17,2.38734287e-19,8.31538264e-18,3.03053703e-18,0.00125553098,0.0659729574,1.98035467e-10,3.33891434e-13,2.8526764e-18,1.1606995e-19,2.0347286e-18,1.69632372e-24,1.56834246e-21,1.41671447e-25,9.99232827e-25,-9.25099925e-29,-8.81678777e-28,5.52664772e-20,6.57393714e-19,1.07034139e-21,4.94658795e-11,1.66415051e-10,4.83364528e-12,5.29097193e-12,4.27412489e-10,0.000136427032,3.15109491e-07,8.39638367e-07,7.70592234e-09,7.96760657e-14,1.58408859e-10,3.43478315e-16,9.83106365e-22,5.0332275e-13,3.10878957e-12,1.97226317e-10,1.27328701e-11,0.746219776,8.62255651e-19,2.27587609e-33,4.1160515e-32,4.28142933e-23,3.36029732e-25
0.0154453125,-0.249996723,19.9827776,-251.284305,1619.96991,0.208520308,5.08051775e-05,1.04049217e-05,0.000545965461,0.104602609,0.00147389742,0.0808634317,1.35333869e-05,5.70970362e-07,2.9603635e-20,8.77222884e-20,8.50183347e-18,1.74423849e-19,6.33752176e-18,2.32174159e-18,0.00116799875,0.0646351514,1.73189512e-10,2.89225334e-13,2.32220853e-18,9.66713201e-20,1.67343926e-18,8.80272438e-25,9.03406848e-22,8.26937989e-26,5.77574922e-25,8.08676272e-30,-2.4839299e-28,3.73032663e-20,4.51494602e-19,6.83275142e-22,4.12684481e-11,1.50503392e-10,4.18358668e-12,4.65569733e-12,3.86539205e-10,0.000133889469,3.32700625e-07,8.43699907e-07,7.58068926e-09,6.1774432e-14,1.36774173e-10,2.94412833e-16,7.04368015e-22,4.33708265e-13,2.68372427e-12,1.72048864e-10,1.07838578e-11,0.746500557,8.45415894e-19,6.21510542e-33,1.21143265e-31,3.00778503e-23,2.17917081e-25
0.01546875,-0.248424397,19.8999595,-251.284305,1604.56286,0.210628635,4.72136081e-05,9.53325886e-06,0.000517162683,0.106872781,0.00138927467,0.0798468772,1.38567447e-05,5.93312413e-07,1.96180913e-20,5.97417843e-20,6.40783384e-18,1.27585498e-19,4.84650339e-18,1.79615045e-18,0.00108726826,0.0633042568,1.51308331e-10,2.50873524e-13,1.89114734e-18,8.08407885e-20,1.38232658e-18,4.63930733e-25,5.30488524e-22,4.94364941e-26,3.39432386e-25,8.6482876e-29,2.44125651e-28,2.53971229e-20,3.15394753e-19,4.44299027e-22,3.4324992e-11,1.35757083e-10,3.61959362e-12,4.10200667e-12,3.4880342e-10,0.00013137508,3.51911309e-07,8.46221953e-07,7.45703146e-09,4.80401411e-14,1.18844198e-10,2.541428e-16,5.0489883e-22,3.75819193e-13,2.32911813e-12,1.50866875e-10,9.17526232e-12,0.746778601,8.28747109e-19,1.64353589e-32,3.45659284e-31,2.15263762e-23,1.44340939e-25
0.0154921875,-0.246814859,19.8167913,-251.284305,1588.98123,0.212800667,4.38723912e-05,8.71960837e-06,0.000488952957,0.109132219,0.00130708985,0.078826325,1.41863765e-05,6.17460037e-07,1.29851372e-20,4.06845799e-20,4.83823519e-18,9.34176554e-20,3.71819023e-18,1.40205266e-18,0.00101287875,0.0619810278,1.32061658e-10,2.17968483e-13,1.54094712e-18,6.78776196e-20,1.14667928e-18,2.48331808e-25,3.17593821e-22,3.02731934e-26,2.02969408e-25,1.45107265e-28,6.26850403e-28,1.74236054e-20,2.239733e-19,2.94235512e-22,2.84648865e-11,1.22134506e-10,3.12993129e-12,3.61831851e-12,3.1403933e-10,0.000128883748,3.72945296e-07,8.47208854e-07,7.33466349e-09,3.74710542e-14,1.03920265e-10,2.20935677e-16,3.61999417e-22,3.27467564e-13,2.03213761e-12,1.32983139e-10,7.84255348e-12,0.747053998,8.12248054e-19,4.21131367e-32,9.56172965e-31,1.5686803e-23,9.77734809e-26
0.015515625,-0.245169108,19.7332767,-251.284305,1573.23311,0.215037932,4.07688738e-05,7.9613312e-06,0.000461395552,0.111380073,0.00122745838,0.0778021047,1.4521887e-05,6.43593372e-07,8.58559199e-21,2.77003732e-20,3.65910783e-18,6.84565117e-20,2.86126705e-18,1.10355602e-18,0.000944390582,0.06066618,1.15152063e-10,1.89753814e-13,1.25649801e-18,5.72285835e-20,9.55081818e-19,1.35001503e-25,1.93862564e-22,1.89842815e-26,1.23592076e-25,1.87430046e-28,9.24504064e-28,1.20342655e-20,1.61576469e-19,1.98412153e-22,2.35364952e-11,1.09590999e-10,2.70468606e-12,3.19500146e-12,2.82083177e-10,0.000126415328,3.96037321e-07,8.46678705e-07,7.21329261e-09,2.93127827e-14,9.14453397e-11,1.93426083e-16,2.59537186e-22,2.8690762e-13,1.78244788e-12,1.17830696e-10,6.73413661e-12,0.747326836,7.95917545e-19,1.04603799e-31,2.56442853e-30,1.16317384e-23,6.78502982e-26
0.0155390625,-0.243488166,19.6494195,-251.284305,1557.32666,0.217342003,3.78907521e-05,7.25581488e-06,0.000434543903,0.113615529,0.00115048071,0.0767745475,1.48627739e-05,6.71913571e-07,5.66976999e-21,1.88521972e-20,2.77145681e-18,5.01974773e-20,2.20822768e-18,8.75381161e-19,0.000881385132,0.0593603908,1.00312279e-10,1.65571443e-13,1.02548304e-18,4.84543136e-20,7.9862863e-19,7.45286722e-26,1.2065139e-22,1.2183049e-26,7.6669619e-26,2.17082722e-28,1.1576769e-27,8.36158958e-21,1.1831816e-19,1.36203702e-22,1.94058847e-11,9.80791336e-11,2.33541483e-12,2.82397938e-12,2.52773906e-10,0.000123969642,4.21458765e-07,8.44662622e-07,7.09261818e-09,2.29959859e-14,8.09735868e-11,1.70533411e-16,1.86022196e-22,2.52740369e-13,1.57170011e-12,1.04947124e-10,5.8086398e-12,0.747597198,7.79754466e-19,2.51944351e-31,6.668907e-30,8.76917072e-24,4.83779189e-26
0.0155625,-0.241773077,19.5652237,-251.284305,1541.27012,0.219714502,3.52260615e-05,6.60048219e-06,0.000408445697,0.115837812,0.00107624244,0.0757439857,1.52084173e-05,7.02645981e-07,3.73859378e-21,1.28224243e-20,2.10190858e-18,3.68255978e-20,1.7089382e-18,6.9948173e-19,0.000823464584,0.0580642999,8.73026644e-11,1.44850049e-13,8.37861945e-19,4.12040108e-20,6.7033719e-19,4.17737803e-26,7.65497557e-23,7.99142886e-27,4.83974236e-26,2.37694035e-28,1.34542448e-27,5.84048238e-21,8.786879e-20,9.51548512e-23,1.59554623e-11,8.75491157e-11,2.01487464e-12,2.49842664e-12,2.25953743e-10,0.000121546479,4.49524489e-07,8.41203792e-07,6.97233122e-09,1.80898637e-14,7.21467658e-11,1.51398748e-16,1.33255132e-22,2.23839876e-13,1.39312851e-12,9.39541225e-11,5.03279096e-12,0.747865167,7.63757758e-19,5.88591311e-31,1.68185907e-29,6.71581608e-24,3.56302913e-26
0.0155859375,-0.240024903,19.480694,-251.284305,1525.07178,0.222157097,3.2763168e-05,5.99279867e-06,0.000383143003,0.118046185,0.00100481463,0.0747107527,1.5558069e-05,7.36044014e-07,2.4609652e-21,8.71395427e-21,1.59593622e-18,2.70229834e-20,1.32600716e-18,5.6281431e-19,0.000770251684,0.0567785097,7.59088205e-11,1.27094632e-13,6.85453906e-19,3.5196243e-20,5.64706451e-19,2.3766059e-26,4.95045989e-23,5.34819961e-27,3.09013284e-26,2.53211259e-28,1.50915475e-27,4.09863682e-21,6.61191512e-20,6.76309721e-23,1.30825752e-11,7.79492599e-11,1.73681268e-12,2.21253197e-12,2.01468709e-10,0.00011914559,4.8060105e-07,8.3635631e-07,6.8521141e-09,1.42675875e-14,6.46758757e-11,1.35336428e-16,9.53745336e-23,1.99296112e-13,1.24123283e-12,8.45412451e-11,4.37975257e-12,0.748130823,7.47926425e-19,1.33415213e-30,4.11408083e-29,5.21996123e-24,2.73724461e-26
0.015609375,-0.238244724,19.3958351,-251.284305,1508.74001,0.224671507,3.04907605e-05,5.43027891e-06,0.000358672429,0.12023995,0.000936254095,0.0736751829,1.59108418e-05,7.7239402e-07,1.6212443e-21,5.91555375e-21,1.21291562e-18,1.9830854e-20,1.03143368e-18,4.55843728e-19,0.000721389433,0.0555035858,6.59393543e-11,1.11877118e-13,5.6159804e-19,3.02042405e-20,4.77382392e-19,1.37185614e-26,3.26213775e-23,3.64191659e-27,1.95737227e-26,2.68702297e-28,1.67918472e-27,2.88822616e-21,5.0363879e-20,4.88828053e-23,1.06981041e-11,6.92265088e-11,1.49580201e-12,1.96131452e-12,1.79169043e-10,0.000116766686,5.15116519e-07,8.30183876e-07,6.73164062e-09,1.12805474e-14,5.83268369e-11,1.21796672e-16,6.81835593e-23,1.78370455e-13,1.11152752e-12,7.64529358e-11,3.82781209e-12,0.748394242,7.32259531e-19,2.93508709e-30,9.76332345e-29,4.11390514e-24,2.23002632e-26
0.0156328125,-0.236433639,19.3106522,-251.284305,1492.28321,0.227259501,2.83978459e-05,4.91049156e-06,0.00033506532,0.122418443,0.000870603781,0.0726376112,1.62657005e-05,8.12021768e-07,1.06060904e-21,4.01051666e-21,9.22506532e-19,1.45504397e-20,8.04164837e-19,3.71526279e-19,0.000676540726,0.0542400583,5.7223776e-11,9.88279024e-14,4.60876099e-19,2.60445338e-20,4.04903178e-19,8.02976876e-27,2.18926606e-23,2.51300808e-27,1.15923854e-26,2.9179506e-28,1.9062335e-27,2.04274829e-21,3.87966524e-20,3.59126669e-23,8.72507408e-12,6.13269625e-11,1.28711123e-12,1.74047987e-12,1.58909562e-10,0.000114409428,5.53572061e-07,8.22758369e-07,6.61057739e-09,8.93912278e-15,5.29092894e-11,1.10336687e-16,4.86730474e-23,1.60460911e-13,1.00034307e-12,6.94781597e-11,3.3593485e-12,0.748655499,7.167562e-19,6.26925491e-30,2.24839706e-28,3.28429133e-24,1.97223803e-26
0.01565625,-0.234592759,19.2251509,-251.284305,1475.70982,0.229922901,2.64737453e-05,4.43106263e-06,0.00031234802,0.124581038,0.000807893249,0.0715983729,1.66214624e-05,8.55301837e-07,6.92743749e-22,2.71462494e-21,7.01995186e-19,1.06716037e-20,6.28301011e-19,3.04608399e-19,0.000635387947,0.0529884221,4.96105295e-11,8.76282364e-14,3.78885145e-19,2.25680959e-20,3.44504166e-19,4.76156073e-27,1.49513961e-23,1.7453045e-27,5.06506757e-27,3.35031539e-28,2.28136008e-27,1.44939028e-21,3.01943956e-20,2.68010842e-23,7.09728203e-12,5.41963762e-11,1.10659978e-12,1.54630665e-12,1.40549931e-10,0.000112073428,5.96555356e-07,8.14158369e-07,6.48858919e-09,7.09828742e-15,4.82678024e-11,1.005982e-16,3.46827462e-23,1.45074818e-13,9.04668131e-13,6.34420981e-11,2.96001271e-12,0.748914665,7.01415616e-19,1.30063922e-29,5.02600251e-28,2.65337252e-24,1.93856836e-26
0.0156796875,-0.232723214,19.1393369,-251.284305,1459.02828,0.232663582,2.47080933e-05,3.98967663e-06,0.00029054221,0.126727142,0.000748139257,0.0705578035,1.69768221e-05,9.02672619e-07,4.51237774e-22,1.83393796e-21,5.34331743e-19,7.82122451e-21,4.91758555e-19,2.5113691e-19,0.000597632507,0.0517491381,4.29651365e-11,7.80033255e-14,3.12050422e-19,1.9653359e-20,2.93969147e-19,2.85632067e-27,1.03765121e-23,1.20555446e-27,-1.50384273e-27,4.19441027e-28,2.96929495e-27,1.03104428e-21,2.37173086e-20,2.03014476e-23,5.75786203e-12,4.77805653e-11,9.50631902e-13,1.37555686e-12,1.23954836e-10,0.000109758232,6.44755662e-07,8.04467636e-07,6.36535568e-09,5.64677387e-15,4.42749549e-11,9.22899621e-17,2.46594203e-23,1.3180735e-13,8.22023693e-13,5.81994805e-11,2.61807191e-12,0.74917181,6.86237018e-19,2.62176837e-29,1.09090099e-27,2.16703652e-24,2.13871964e-26
0.015703125,-0.230826142,19.0532167,-251.284305,1442.24709,0.235483473,2.30908397e-05,3.58407454e-06,0.000269665385,0.128856196,0.000691346518,0.0695162382,1.73304412e-05,9.54662318e-07,2.9381687e-22,1.23558879e-21,4.06587906e-19,5.72460596e-21,3.85243247e-19,2.0811369e-19,0.00056299435,0.0505226343,3.71680912e-11,6.97159965e-14,2.5746135e-19,1.72006126e-20,2.515206e-19,1.72810588e-27,7.30041278e-24,8.09016013e-28,-9.59821055e-27,5.79308882e-28,4.26101504e-27,7.34060149e-22,1.87806904e-20,1.55927361e-23,4.65744661e-12,4.20255833e-11,8.16004229e-13,1.22540457e-12,1.08994035e-10,0.000107463319,6.98979783e-07,7.93773623e-07,6.24061776e-09,4.49831192e-15,4.08258734e-11,8.51747551e-17,1.74732778e-23,1.20324514e-13,7.50362391e-13,5.36292227e-11,2.32387725e-12,0.749427002,6.71219709e-19,5.13213871e-29,2.2999263e-27,1.78720479e-24,2.61375229e-26
0.01575,-0.226952839,18.880077,-251.284305,1408.41131,0.24137028,2.02727681e-05,2.87378818e-06,0.000230737193,0.133061312,0.000586613068,0.0674312916,1.80290394e-05,1.07439506e-06,1.28945368e-22,5.59375998e-22,2.36124176e-19,3.06839492e-21,2.40157597e-19,1.46449389e-19,0.000502246796,0.0481092529,2.77468771e-11,5.65190135e-14,1.76779465e-19,1.34253916e-20,1.86567116e-19,6.92959937e-28,4.00796584e-24,2.71287261e-28,-3.57391484e-26,1.27785384e-27,1.01081794e-26,3.80266644e-22,1.22651585e-20,9.87415992e-24,3.03578996e-12,3.23331503e-11,6.02172445e-13,9.79317387e-13,8.35470531e-11,0.000102932808,8.28168442e-07,7.69668603e-07,5.986448e-09,2.87230761e-15,3.52912221e-11,7.39650882e-17,8.72914792e-24,1.0185332e-13,6.3471814e-13,4.61910504e-11,1.85396907e-12,0.749931759,6.41668218e-19,1.60525121e-28,8.28537838e-27,1.27244713e-24,4.59447272e-26
0.0157734375,-0.224980284,18.7930845,-251.284305,1391.38289,0.244439835,1.90433641e-05,2.56297226e-06,0.000212679081,0.135136523,0.000538569884,0.0663887289,1.83657609e-05,1.14379839e-06,7.81985991e-23,3.73614309e-22,1.79396638e-19,2.23589454e-21,1.89276344e-19,1.24692953e-19,0.000475431195,0.0469230967,2.39128018e-11,5.11598532e-14,1.46661392e-19,1.19331694e-20,1.60924373e-19,4.42028857e-28,3.01673615e-24,3.43242031e-29,-6.21076452e-26,2.04809867e-27,1.68826125e-26,2.72691318e-22,9.96516224e-21,7.96541838e-24,2.43775235e-12,2.82594838e-11,5.16414582e-13,8.77221704e-13,7.2770957e-11,0.000100694644,9.06392208e-07,7.56519366e-07,5.85489951e-09,2.29500071e-15,3.30104197e-11,6.93945228e-17,5.16026277e-24,9.42425934e-14,5.86951069e-13,4.30917746e-11,1.66167035e-12,0.750181492,6.27128878e-19,3.01255519e-28,1.6690371e-26,1.08169127e-24,6.43780473e-26
0.015796875,-0.22298487,18.7058148,-251.284305,1374.28869,0.247596894,1.79253764e-05,2.27985392e-06,0.000195563351,0.137192812,0.000493379136,0.0653464967,1.86919419e-05,1.22051355e-06,4.98064495e-23,2.48800632e-22,1.36185583e-19,1.62630807e-21,1.49469721e-19,1.06271182e-19,0.000450787422,0.0457511273,2.05788976e-11,4.65005634e-14,1.21863719e-19,1.0659695e-20,1.39117477e-19,2.87548914e-28,2.32601937e-24,-2.02134845e-28,-1.02759094e-25,3.24946444e-27,2.7866148e-26,1.96124962e-22,8.15171263e-21,6.51712908e-24,1.95386083e-12,2.46538039e-11,4.42891162e-13,7.87466504e-13,6.31712573e-11,9.84739455e-05,9.95137705e-07,7.42726408e-07,5.72026793e-09,1.83471676e-15,3.1005513e-11,6.5421529e-17,4.27680852e-24,8.75593432e-14,5.4493512e-13,4.03474458e-11,1.49342645e-12,0.750429498,6.12748611e-19,5.35429115e-28,3.17778482e-26,9.26957509e-25,9.02545753e-26
0.0158203125,-0.220967787,18.6182762,-251.284305,1357.13717,0.250843675,1.69103661e-05,2.02255922e-06,0.000179386,0.139229785,0.000450987527,0.0643049233,1.90049689e-05,1.30547408e-06,3.1697324e-23,1.65012437e-22,1.03227359e-19,1.17997635e-21,1.1824312e-19,9.11267589e-20,0.000428118979,0.0445936253,1.76817878e-11,4.24309353e-14,1.01373063e-19,9.56700006e-21,1.2051857e-19,1.91663203e-28,1.8469423e-24,-4.57786479e-28,-1.65546284e-25,5.16589239e-27,4.62554198e-26,1.41297996e-22,6.71057123e-21,5.40579394e-24,1.56277544e-12,2.14710837e-11,3.7992404e-13,7.08559403e-13,5.46465252e-11,9.62697522e-05,1.09597202e-06,7.28376206e-07,5.58231942e-09,1.46678073e-15,2.9234555e-11,6.19548326e-17,2.99274474e-24,8.16681623e-14,5.07844144e-13,3.79070478e-11,1.34552939e-12,0.75067583,5.98526997e-19,9.20687965e-28,5.84664796e-26,8.00325781e-25,1.25589372e-25
0.01584375,-0.218930231,18.5304777,-251.284305,1339.93674,0.25418246,1.59902432e-05,1.78929298e-06,0.000164139035,0.141247076,0.000411332415,0.0632643344,1.93018337e-05,1.39959253e-06,1.79363212e-23,1.08948243e-22,7.8096093e-20,8.53653466e-22,9.36795531e-20,7.86218651e-20,0.000407244201,0.0434508456,1.51662867e-11,3.88575467e-14,8.43948208e-20,8.62383026e-21,1.04609776e-19,1.31936429e-28,1.52236351e-24,-7.50587337e-28,-2.61974298e-25,8.16924402e-27,7.66570478e-26,1.01926196e-22,5.55680824e-21,4.54380912e-24,1.24734397e-12,1.86694057e-11,3.26050798e-13,6.39181815e-13,4.71011824e-11,9.40810154e-05,1.21061944e-06,7.13551977e-07,5.44079829e-09,1.17225232e-15,2.76622854e-11,5.89172169e-17,2.07469298e-24,7.64548342e-14,4.7498253e-13,3.57273295e-11,1.21492251e-12,0.750920536,5.85204338e-19,1.54087663e-27,1.04561531e-25,6.95693248e-25,1.72551587e-25
0.0158671875,-0.216873405,18.4424284,-251.284305,1322.69577,0.257615594,1.5157278e-05,1.57833388e-06,0.00014981098,0.14324435,0.000374342566,0.0622250519,1.95792367e-05,1.50367237e-06,1.25679815e-23,7.15730486e-23,5.89461542e-20,6.15520564e-22,7.43050453e-20,6.82516901e-20,0.000387995576,0.0423230189,1.29840671e-11,3.57010951e-14,7.02754456e-20,7.80435294e-21,9.09653132e-20,9.47687307e-29,1.31610318e-24,-1.09740805e-27,-4.08724635e-25,1.27375742e-26,1.25715604e-25,7.35928999e-23,4.62670115e-21,3.86831464e-24,9.93450555e-13,1.62095411e-11,2.79996013e-13,5.78169594e-13,4.04452883e-11,9.19066067e-05,1.34094509e-06,6.98332992e-07,5.29549173e-09,9.36250604e-16,2.62589872e-11,5.62436098e-17,1.43016035e-24,7.18227024e-14,4.45762066e-13,3.3771548e-11,1.0990705e-12,0.75116366,5.72031372e-19,2.51512916e-27,1.82132795e-25,6.0835405e-25,2.33233388e-25
0.015890625,-0.214798514,18.3541381,-251.284305,1305.42258,0.261145486,1.44041121e-05,1.38802925e-06,0.000136387346,0.145221297,0.000339939012,0.061187394,1.98337613e-05,1.61827297e-06,8.19444656e-24,4.67417806e-23,4.43587837e-20,4.42032865e-22,5.89679958e-20,5.96151541e-20,0.00037021904,0.0412103525,1.10926992e-11,3.28944002e-14,5.85011915e-20,7.08725667e-21,7.92358271e-20,7.17789837e-29,1.20618009e-24,-1.5129442e-27,-6.29559727e-25,1.94534442e-26,2.02834791e-25,5.31233633e-23,3.87201993e-21,3.3336961e-24,7.89250093e-13,1.40546257e-11,2.40646793e-13,5.24495934e-13,3.45943369e-11,8.97453372e-05,1.48892216e-06,6.82794022e-07,5.14630511e-09,7.46945936e-16,2.49995597e-11,5.38802844e-17,9.79277681e-25,6.76897198e-14,4.19683089e-13,3.20084341e-11,9.95857507e-13,0.751405244,5.59007851e-19,4.00643492e-27,3.09307489e-25,5.34675772e-25,3.0932673e-25
0.0159375,-0.210598273,18.1768671,-251.284305,1270.80505,0.268507035,1.31165568e-05,1.06475158e-06,0.000112198468,0.149113169,0.000278621483,0.0591180695,2.02649937e-05,1.87928493e-06,2.18969813e-24,1.96627443e-23,2.49517059e-20,2.25904247e-22,3.76187668e-20,4.65659064e-20,0.00033864046,0.0390310672,8.05436664e-12,2.81556199e-14,4.05445631e-20,5.91123641e-21,6.06413299e-20,4.95808885e-29,1.23724578e-24,-2.53132918e-27,-1.39039208e-24,4.11215218e-26,4.79070423e-25,2.80614987e-23,2.77518818e-21,2.5840157e-24,4.97944875e-13,1.05532998e-11,1.79121153e-13,4.36390989e-13,2.50342491e-11,8.54589504e-05,1.84346237e-06,6.50977144e-07,4.8368493e-09,4.74143348e-16,2.28464494e-11,5.00023625e-17,4.53020994e-25,6.07029226e-14,3.75614808e-13,2.89769325e-11,8.21799273e-13,0.75188395,5.33409559e-19,9.05074259e-27,7.88924309e-25,4.2130021e-25,5.0991467e-25
0.015984375,-0.206340347,17.9987718,-251.284305,1236.15732,0.276286233,1.20685749e-05,8.06292626e-07,9.13406539e-05,0.152921593,0.000226479197,0.0570588481,2.05549037e-05,2.17614852e-06,1.08105877e-24,7.91463082e-24,1.38176817e-20,1.13287674e-22,2.42032913e-20,3.77631137e-20,0.000311355133,0.0369136318,5.79002674e-12,2.42245328e-14,2.78367192e-20,4.9665421e-21,4.67437618e-20,4.18351763e-29,1.58224555e-24,-3.93964851e-27,-2.96048043e-24,8.06537924e-26,1.06322991e-24,1.60739485e-23,2.03191281e-21,2.08906626e-24,3.12601671e-13,7.90448288e-12,1.34432962e-13,3.67845923e-13,1.78153092e-11,8.12106787e-05,2.2909572e-06,6.18662516e-07,4.50991192e-09,2.98720039e-16,2.10469499e-11,4.68948262e-17,1.98685143e-25,5.49776632e-14,3.39623858e-13,2.64350357e-11,6.80448399e-13,0.752357021,5.08401089e-19,1.92767994e-26,1.8839664e-24,3.32821754e-25,7.6777523e-25
0.0160078125,-0.204193229,17.9094495,-251.284305,1218.84533,0.280338485,1.16175437e-05,6.97513614e-07,8.20750183e-05,0.154794046,0.000203535103,0.0560338068,2.06311051e-05,2.33154166e-06,6.43215678e-25,5.10929296e-24,1.01963265e-20,7.94483796e-23,1.94027911e-20,3.3868129e-20,0.000299024485,0.0358784724,4.88399585e-12,2.2468662e-14,2.29031881e-20,4.55125378e-21,4.11041189e-20,4.025042e-29,1.8893286e-24,-4.84849653e-27,-4.2984497e-24,1.10295403e-25,1.56020025e-24,1.07854267e-23,1.74925429e-21,1.90114604e-24,2.46666349e-13,6.83008143e-12,1.16723821e-13,3.39189224e-13,1.49178846e-11,7.90978549e-05,2.55444244e-06,6.0246803e-07,4.33920588e-09,2.36148387e-16,2.02448489e-11,4.55204263e-17,1.33459428e-25,5.24707726e-14,3.23930714e-13,2.5302965e-11,6.19345205e-13,0.752591503,4.96117419e-19,2.78762001e-26,2.8782998e-24,2.91206128e-25,9.01378329e-25
0.01603125,-0.202035268,17.8199552,-251.284305,1201.54943,0.284503385,1.12103415e-05,6.01216907e-07,7.35584338e-05,0.156644874,0.000182573633,0.0550121848,2.06577133e-05,2.48839683e-06,5.23235698e-25,3.42592841e-24,7.48780558e-21,5.54184621e-23,1.56026656e-20,3.0519536e-20,0.000287485451,0.0348593165,4.10700605e-12,2.08315528e-14,1.88014582e-20,4.16971277e-21,3.62232893e-20,3.92086173e-29,2.29571389e-24,-5.84586252e-27,-6.12848276e-24,1.46924989e-25,2.23482028e-24,7.87840185e-24,1.51569689e-21,1.74480532e-24,1.94600388e-13,5.90074637e-12,1.01647781e-13,3.1381704e-13,1.24332664e-11,7.69922376e-05,2.8454744e-06,5.8629455e-07,4.16422345e-09,1.86246717e-16,1.94989088e-11,4.42644682e-17,9.53163557e-26,5.01702356e-14,3.09576669e-13,2.42518769e-11,5.63899888e-13,0.752824621,4.83982757e-19,3.93437846e-26,4.28056691e-24,2.43356103e-25,1.02615564e-24
0.0160546875,-0.199867664,17.7303024,-251.284305,1184.27738,0.288783819,1.08423287e-05,5.16259445e-07,6.5758334e-05,0.158473933,0.000163480334,0.0539942613,2.06313175e-05,2.64320724e-06,2.24955868e-25,1.9764561e-24,5.46814989e-21,3.84272847e-23,1.25878014e-20,2.77425926e-20,0.000276658337,0.0338562465,3.44219079e-12,1.92958458e-14,1.53417873e-20,3.81687057e-21,3.19999761e-20,3.83037377e-29,2.81204442e-24,-6.9163397e-27,-8.59713472e-24,1.90806169e-25,3.13392333e-24,5.63147609e-24,1.26171471e-21,1.61355637e-24,1.53439244e-13,5.09699399e-12,8.88017171e-14,2.91308575e-13,1.03122491e-11,7.48935581e-05,3.16448004e-06,5.70181052e-07,3.98554069e-09,1.46502263e-16,1.88012019e-11,4.31106965e-17,5.70915485e-26,4.80483385e-14,2.96383484e-13,2.32713478e-11,5.13469888e-13,0.753056396,4.71997176e-19,5.44164395e-26,6.22256474e-24,2.01506283e-25,1.12627417e-24
0.016078125,-0.197691608,17.6405049,-251.284305,1167.03683,0.293182746,1.05092453e-05,4.41563193e-07,5.86405064e-05,0.160281097,0.000146140102,0.0529803079,2.05490521e-05,2.79238204e-06,2.19950019e-25,1.21337962e-24,3.9681209e-21,2.64734018e-23,1.01865627e-20,2.53382196e-20,0.000266471429,0.0328693319,2.87476174e-12,1.78483645e-14,1.24478629e-20,3.48887328e-21,2.83462704e-20,3.72852527e-29,3.44981707e-24,-8.03785253e-27,-1.18770491e-23,2.41675754e-25,4.31186514e-24,4.10251488e-24,1.09099292e-21,1.50231918e-24,1.20847445e-13,4.40159976e-12,7.7841469e-14,2.7129535e-13,8.50995464e-12,7.28019293e-05,3.5112367e-06,5.54161899e-07,3.8038811e-09,1.14907657e-16,1.81450168e-11,4.20467166e-17,3.69235978e-26,4.60812645e-14,2.84196116e-13,2.23524686e-11,4.67509386e-13,0.753286847,4.60160792e-19,7.3928843e-26,8.86066926e-24,1.57032961e-25,1.18184022e-24
0.016125,-0.19331797,17.4605229,-251.284305,1132.67399,0.302349869,9.93635459e-06,3.19985232e-07,4.63420311e-05,0.163829256,0.000116365408,0.0509652935,2.02124411e-05,3.0636653e-06,8.77319099e-25,4.47920141e-25,2.0573008e-21,1.23894919e-23,6.81358094e-21,2.14538414e-20,0.000247817506,0.030944083,1.98847651e-12,1.51886555e-14,8.05097184e-21,2.90487306e-21,2.25116541e-20,3.43587153e-29,5.12155525e-24,-1.02252631e-26,-2.14406813e-23,3.59369645e-25,7.6755507e-24,2.21200016e-24,8.2816574e-22,1.32738933e-24,7.53777215e-14,3.28905767e-12,6.06895612e-14,2.37767258e-13,5.72074304e-12,6.86419938e-05,4.28435074e-06,5.22499637e-07,3.43468143e-09,7.01777857e-17,1.69396044e-11,4.02377056e-17,1.49677208e-26,4.25474269e-14,2.62416102e-13,2.06757705e-11,3.87508647e-13,0.753743858,4.3693692e-19,1.2852799e-25,1.67321456e-23,5.60226688e-26,1.09011262e-24
0.016171875,-0.188924267,17.2801491,-251.284305,1098.52352,0.312029108,9.46042102e-06,2.28262315e-07,3.63124746e-05,0.167289686,9.2205655e-05,0.0489690535,1.96240756e-05,3.27719528e-06,-1.5893196e-24,1.07319418e-25,1.0377233e-21,5.66751748e-24,4.65194534e-21,1.83402613e-20,0.000231011731,0.0290831253,1.35501449e-12,1.27849823e-14,5.07768178e-21,2.39114723e-21,1.81385784e-20,3.02500721e-29,7.40585899e-24,-1.21671904e-26,-3.67749977e-23,4.68635036e-25,1.28926592e-23,1.21261117e-24,6.38150429e-22,1.19325961e-24,4.69998336e-14,2.45450668e-12,4.80877848e-14,2.1077087e-13,3.7673432e-12,6.45212709e-05,5.14751226e-06,4.91519268e-07,3.06143228e-09,4.23454535e-17,1.58410192e-11,3.86797936e-17,5.71221517e-27,3.94157846e-14,2.43223064e-13,1.91649963e-11,3.20428745e-13,0.754195852,4.14305349e-19,2.11291687e-25,2.96624698e-23,-7.0174437e-26,5.13721783e-25
0.0161953125,-0.186723087,17.1898624,-251.284305,1081.54784,0.317068378,9.25058384e-06,1.913109e-07,3.20351581e-05,0.168986861,8.19142983e-05,0.0479785716,1.92302024e-05,3.35768781e-06,-3.94227592e-27,3.38061741e-25,7.27231965e-22,3.79475073e-24,3.86361465e-21,1.70480077e-20,0.000223176263,0.0281768661,1.1100652e-12,1.16712368e-14,3.9755066e-21,2.15455608e-21,1.63629846e-20,2.78585708e-29,8.8057737e-24,-9.42335206e-27,-3.37150524e-23,4.46497968e-25,1.30043539e-23,9.01952594e-25,5.61832797e-22,1.13642741e-24,3.6982266e-14,2.11561492e-12,4.3014561e-14,1.99136302e-13,3.0279671e-12,6.24815626e-05,5.60262302e-06,4.76336882e-07,2.87517634e-09,3.27166836e-17,1.53227385e-11,3.7925585e-17,1.15123256e-26,3.79663608e-14,2.34364134e-13,1.84592522e-11,2.90926207e-13,0.754419983,4.03212128e-19,2.38346648e-25,3.38358349e-23,-1.23921554e-25,1.020695e-24
0.01621875,-0.184520357,17.0995268,-251.284305,1064.64636,0.322245613,9.05727847e-06,1.59640088e-07,2.82143306e-05,0.170661632,7.27191283e-05,0.0469935191,1.87717437e-05,3.42012047e-06,3.91282083e-27,4.97916351e-26,5.05803674e-22,2.53106071e-24,3.22863329e-21,1.58802047e-20,0.000215685759,0.0272869733,9.05495538e-13,1.06172845e-14,3.08647415e-21,1.93319401e-21,1.48250299e-20,2.53259371e-29,1.03816422e-23,-7.51557847e-27,-3.26499662e-23,4.01205247e-25,1.37111413e-23,6.75322494e-25,4.96587627e-22,1.08501266e-24,2.91087212e-14,1.82165436e-12,3.86360524e-14,1.88590743e-13,2.41985225e-12,6.04587466e-05,6.06863404e-06,4.61376563e-07,2.69051158e-09,2.52038159e-17,1.48229441e-11,3.72081969e-17,1.70581688e-27,3.65857339e-14,2.25936423e-13,1.77834552e-11,2.63892371e-13,0.754642856,3.92269662e-19,2.84083219e-25,3.98753948e-23,-6.90825757e-26,1.37953344e-24
0.0162421875,-0.182317188,17.0091602,-251.284305,1047.82572,0.327564322,8.87844221e-06,1.3261807e-07,2.48126603e-05,0.172313937,6.45219729e-05,0.0460141143,1.82518484e-05,3.46464624e-06,2.13936824e-27,3.05558614e-26,3.48921254e-22,1.68295669e-24,2.71383055e-21,1.48166014e-20,0.000208508263,0.026413452,7.35356279e-13,9.62422826e-15,2.37566531e-21,1.72707704e-21,1.34912568e-20,2.27080929e-29,1.2123966e-23,-4.80209989e-27,-2.47385568e-23,4.17090391e-25,1.46688377e-23,5.10500728e-25,4.41525608e-22,1.03797961e-24,2.29071556e-14,1.5663318e-12,3.48445597e-14,1.78994592e-13,1.9226159e-12,5.84559362e-05,6.54025005e-06,4.46649677e-07,2.50868938e-09,1.93577763e-17,1.43396629e-11,3.65276778e-17,1.28444086e-27,3.52659e-14,2.1788531e-13,1.71346965e-11,2.39114025e-13,0.754864481,3.81478318e-19,2.22329801e-25,3.24806803e-23,-2.94668208e-26,1.66797464e-24
0.016265625,-0.180114679,16.9187814,-251.284305,1031.09238,0.333028089,8.71224636e-06,1.09667867e-07,2.17937687e-05,0.173943715,5.72298091e-05,0.0450405685,1.76748476e-05,3.49191982e-06,1.14608626e-27,1.72638435e-26,2.38663292e-22,1.11719425e-24,2.29432632e-21,1.38403966e-20,0.000201615575,0.0255563009,5.9446353e-13,8.693328e-15,1.81264329e-21,1.53609307e-21,1.23325917e-20,2.01124508e-29,1.4043618e-23,-2.96266194e-27,-1.83786541e-23,4.16574039e-25,1.61383069e-23,3.88950095e-25,3.94161504e-22,9.94504659e-25,1.80179553e-14,1.34438462e-12,3.15496824e-14,1.70227108e-13,1.5184556e-12,5.64764514e-05,7.01183895e-06,4.32165595e-07,2.33091249e-09,1.48235214e-17,1.38712575e-11,3.5881678e-17,7.65860167e-28,3.40000778e-14,2.10164748e-13,1.65105053e-11,2.16401925e-13,0.755084865,3.70838495e-19,1.81690827e-25,2.67903097e-23,2.39901972e-27,1.86896832e-24
0.0162890625,-0.177913912,16.8284095,-251.284305,1014.45264,0.338640575,8.55707488e-06,9.02643896e-08,1.91225564e-05,0.175550906,5.0755088e-05,0.0440730871,1.70463847e-05,3.50298603e-06,8.3811472e-28,9.62341377e-27,1.61821207e-22,7.41761029e-25,1.95028438e-21,1.29376568e-20,0.000194982863,0.0247155132,4.78298731e-13,7.82569773e-15,1.37094895e-21,1.36009586e-21,1.13237299e-20,1.76017941e-29,1.61382948e-23,-1.76430864e-27,-1.32318296e-23,4.14793394e-25,1.80965899e-23,2.98799912e-25,3.53261021e-22,9.53934529e-25,1.41607106e-14,1.15137378e-12,2.86755871e-14,1.62183978e-13,1.1919114e-12,5.45237237e-05,7.47759719e-06,4.17931968e-07,2.15834312e-09,1.13181031e-17,1.34163733e-11,3.52695307e-17,4.48256037e-28,3.27825397e-14,2.02736175e-13,1.59087835e-11,1.95587241e-13,0.755304015,3.60350616e-19,1.51911329e-25,2.23531959e-23,2.66319476e-26,1.99807322e-24
0.0163125,-0.175715959,16.7380644,-251.284305,997.912648,0.34440551,8.41150401e-06,7.39310308e-08,1.67654912e-05,0.177135449,4.50159677e-05,0.0431118698,1.63735082e-05,3.49916623e-06,4.24483546e-26,5.29034488e-27,1.08690266e-22,4.93559237e-25,1.66619625e-21,1.20968321e-20,0.000188588291,0.0238910767,3.82928966e-13,7.0220734e-15,1.02774162e-21,1.1990523e-21,1.04427747e-20,1.51283717e-29,1.84041482e-23,-9.93171088e-28,-9.05984076e-24,4.14718198e-25,2.05296107e-23,2.31400363e-25,3.17803815e-22,9.15753333e-25,1.11123441e-14,9.835123e-13,2.61586768e-14,1.54775162e-13,9.29636902e-13,5.26011983e-05,7.93171926e-06,4.03954972e-07,1.99211015e-09,8.616033e-18,1.29738925e-11,3.46998109e-17,2.58735858e-28,3.16084642e-14,1.9556753e-13,1.53277486e-11,1.76518694e-13,0.755521938,3.5001513e-19,1.29530073e-25,1.8849072e-23,4.41867806e-26,2.06706581e-24
0.016359375,-0.1713321,16.5575194,-251.284305,965.151588,0.356409484,8.14547126e-06,4.92045857e-08,1.28967629e-05,0.180236318,3.55119179e-05,0.0412090196,1.49212269e-05,3.45163793e-06,-9.11559283e-27,1.56854911e-27,4.80908755e-23,2.24470702e-25,1.24055266e-21,1.05715423e-20,0.000176453581,0.0222910628,2.43460559e-13,5.60607268e-15,5.66699903e-22,9.25054367e-22,9.00534723e-21,-2.62494342e-29,2.3427479e-23,-2.20218569e-28,-3.1170209e-24,4.17806693e-25,2.67762236e-23,1.43039228e-25,2.60539326e-22,8.45291497e-25,6.87733065e-15,7.13226455e-13,2.20345677e-14,1.41621769e-13,5.58452751e-13,4.88568103e-05,8.78838475e-06,3.76783742e-07,1.68189413e-09,4.96203604e-18,1.21232586e-11,3.382157e-17,8.48634516e-29,2.93778784e-14,1.81926601e-13,1.42228641e-11,1.43171576e-13,0.755954146,3.29803129e-19,1.0072205e-25,1.39185259e-23,6.24806992e-26,2.05117839e-24
0.01640625,-0.166970966,16.3773283,-251.284305,932.853709,0.369072181,7.90456285e-06,3.22246378e-08,9.92128162e-06,0.183247021,2.80939641e-05,0.0393332329,1.33830974e-05,3.36343334e-06,5.97580006e-26,4.24169648e-28,2.05744578e-23,1.07090078e-25,9.39044766e-22,9.19610789e-21,0.000165059837,0.020755176,1.52221341e-13,4.43207901e-15,3.03409808e-22,7.04207467e-22,7.87846349e-21,-1.9670868e-26,2.9047799e-23,4.24824769e-29,4.20850805e-25,4.10445766e-25,3.48072002e-23,9.13830184e-26,2.16312589e-22,7.80443436e-25,4.24136038e-15,5.10635055e-13,1.87943713e-14,1.30181014e-13,3.27964628e-13,4.52676497e-05,9.53931795e-06,3.50668939e-07,1.40495243e-09,2.82681037e-18,1.13124964e-11,3.31910403e-17,2.85979919e-29,2.72783814e-14,1.69053026e-13,1.31841152e-11,1.15248207e-13,0.756381653,3.10198513e-19,8.4091836e-26,1.06160388e-23,6.40531023e-26,1.8685122e-24
0.016453125,-0.162640294,16.1976678,-251.284305,901.060914,0.382426968,7.68254734e-06,2.08195949e-08,7.64559926e-06,0.186167,2.23191534e-05,0.0374859405,1.18208209e-05,3.2461166e-06,-8.23780418e-27,1.12428103e-28,8.55305774e-24,5.47808982e-26,7.20891478e-22,7.93142642e-21,0.00015431218,0.0192831729,9.38174146e-14,3.4792974e-15,1.58504078e-22,5.30295786e-22,6.97556226e-21,-8.07350802e-28,3.76775622e-23,8.9627532e-29,1.97535731e-24,3.38652913e-25,4.45647402e-23,6.04143238e-26,1.81595639e-22,7.19529241e-25,2.61389399e-15,3.60739866e-13,1.62091676e-14,1.20087234e-13,1.88695684e-13,4.18513337e-05,1.01559173e-05,3.25625621e-07,1.16336758e-09,1.59376925e-18,1.05380147e-11,3.28626187e-17,5.33183037e-28,2.52933982e-14,1.56847996e-13,1.22046713e-11,9.19786087e-14,0.756804505,2.9120538e-19,7.49472641e-26,8.31628504e-24,5.46690309e-26,1.54537306e-24
0.0164765625,-0.160488971,16.1081055,-251.284305,885.368008,0.38937391,7.57683097e-06,1.65885492e-08,6.71083894e-06,0.187592754,1.99134918e-05,0.0365734008,1.10512323e-05,3.18014449e-06,-7.42338827e-28,6.7282856e-29,5.43663402e-24,4.0216106e-26,6.33553159e-22,7.33071094e-21,0.000149154121,0.0185711112,7.29815571e-14,3.07592557e-15,1.13142994e-22,4.57158184e-22,6.5853458e-21,4.14823125e-31,3.65465247e-23,1.07016125e-28,3.06438124e-24,1.52196168e-25,2.82387187e-23,4.83730443e-26,1.6692335e-22,6.90403596e-25,2.04269724e-15,3.01185376e-13,1.51010932e-14,1.15444283e-13,1.414952e-13,4.02124381e-05,1.0406821e-05,3.13509942e-07,1.05575723e-09,1.19077854e-18,1.01635274e-11,3.27905843e-17,6.54384262e-26,2.4339837e-14,1.50973865e-13,1.17354065e-11,8.18573414e-14,0.757014197,2.81939716e-19,7.21897913e-26,7.41046492e-24,5.1074335e-26,1.43874355e-24
0.0165,-0.158348403,16.01875,-251.284305,869.817868,0.396505949,7.47418424e-06,1.31687841e-08,5.89515365e-06,0.188995262,1.77921759e-05,0.035668596,1.02976228e-05,3.11032779e-06,-1.20558098e-25,2.9098784e-29,3.43710762e-24,3.01007191e-26,5.5847363e-22,6.74875829e-21,0.000144133926,0.017875177,5.65505022e-14,2.71781075e-15,8.03347945e-23,3.93208286e-22,6.23019425e-21,2.87644285e-30,3.55971397e-23,1.11134713e-28,3.95382482e-24,1.70729809e-25,2.57155751e-23,3.89534097e-26,1.53791205e-22,6.62144432e-25,1.59582761e-15,2.50572122e-13,1.410052e-14,1.1104489e-13,1.05513318e-13,3.86211499e-05,1.06178446e-05,3.0166886e-07,9.57002392e-10,8.87387849e-19,9.79743614e-12,3.2844172e-17,4.45304055e-28,2.3411473e-14,1.45248216e-13,1.12794205e-11,7.26783307e-14,0.757222707,2.72830747e-19,7.04574136e-26,6.63712961e-24,4.66255507e-26,1.33748516e-24
0.016546875,-0.154102912,15.8407355,-251.284305,839.162056,0.411343613,7.27687196e-06,8.31518072e-09,4.57434326e-06,0.191730298,1.42966212e-05,0.0338829414,8.86003605e-06,2.96200617e-06,-2.81914813e-25,1.0130211e-29,1.37788673e-24,1.78752743e-26,4.39125332e-22,5.63478927e-21,0.000134486101,0.0165313165,3.39929006e-14,2.12455594e-15,4.04804445e-23,2.9182577e-22,5.60893816e-21,1.45765979e-30,3.3064637e-23,9.68853286e-29,5.12158952e-24,1.27771255e-25,2.15898289e-23,2.55230035e-26,1.31475884e-22,6.06999595e-25,9.84569574e-16,1.72396531e-13,1.2379578e-14,1.02901852e-13,5.84455314e-14,3.5582457e-05,1.09193959e-05,2.78806491e-07,7.85524211e-10,4.89952274e-19,9.08982326e-12,3.35432554e-17,1.77520072e-30,2.16272948e-14,1.34226681e-13,1.04056966e-11,5.69135168e-14,0.757636198,2.55084264e-19,6.94969189e-26,5.4091422e-24,3.65879576e-26,1.13818724e-24
0.01659375,-0.149910451,15.6638353,-251.284305,809.126503,0.426976164,7.08741718e-06,5.21924891e-09,3.56524379e-06,0.194372719,1.15634276e-05,0.0321300069,7.54539915e-06,2.80778294e-06,-2.09839012e-25,1.77733762e-30,5.56941378e-25,1.1233474e-26,3.49287032e-22,4.5745204e-21,0.000125313585,0.0152502125,2.0284188e-14,1.66342243e-15,2.02071425e-23,2.15964751e-22,5.07416674e-21,7.34564298e-31,3.1012003e-23,7.41484456e-29,5.71678374e-24,8.8373348e-26,1.83149825e-23,1.69627338e-26,1.13122713e-22,5.55030428e-25,6.09095286e-16,1.17220159e-13,1.09437638e-14,9.54708042e-14,3.19197122e-14,3.27331588e-05,1.1064333e-05,2.57019748e-07,6.44904085e-10,2.67482075e-19,8.41350339e-12,3.51319431e-17,4.81294465e-33,1.99335606e-14,1.23746715e-13,9.57945202e-12,4.40911825e-14,0.758045119,2.37961798e-19,7.02136639e-26,4.46908554e-24,2.70679848e-26,9.54697135e-25
0.016640625,-0.145778585,15.488261,-251.284305,779.747529,0.443437105,6.9037854e-06,3.26888125e-09,2.79149751e-06,0.196921839,9.4163273e-06,0.0304112338,6.3711395e-06,2.65165214e-06,-7.05681437e-26,6.74743096e-31,2.34481427e-25,7.35136817e-27,2.80708871e-22,3.55981486e-21,0.000116583937,0.0140313915,1.20586641e-14,1.30682424e-15,1.00475099e-23,1.59453154e-22,4.60369734e-21,3.68742733e-31,2.9317667e-23,5.32304641e-29,5.93619489e-24,6.10452454e-26,1.56516697e-23,1.14127175e-26,9.78212849e-23,5.06100538e-25,3.78886081e-16,7.89152015e-14,9.72994953e-15,8.86338057e-14,1.72462188e-14,3.00687215e-05,1.10626484e-05,2.36302773e-07,5.30914702e-10,1.44295529e-19,7.767799e-12,3.78164264e-17,1.5098268e-31,1.83267728e-14,1.13792656e-13,8.79841017e-12,3.37755666e-14,0.758449446,2.21467487e-19,7.09048806e-26,3.73156597e-24,1.91872252e-26,7.93956095e-25
0.0166875,-0.141715042,15.3142322,-251.284305,751.061122,0.460757949,6.72444666e-06,2.04978824e-09,2.19541652e-06,0.199376978,7.71993152e-06,0.028728106,5.34228345e-06,2.49633834e-06,-2.15215414e-25,1.83410727e-31,1.06924766e-25,4.93837314e-27,2.27181995e-22,2.58533727e-21,0.000108272161,0.0128743181,7.16427905e-15,1.03141e-15,4.99872537e-24,1.17439032e-22,4.18181229e-21,1.84043447e-31,2.7895843e-23,3.68516802e-29,5.91299901e-24,4.26697624e-26,1.34401125e-23,7.75902883e-27,8.49085749e-23,4.6010038e-25,2.3747302e-16,5.26982422e-14,8.69139111e-15,8.2300195e-14,9.24575937e-15,2.75818487e-05,1.09290175e-05,2.16647425e-07,4.39160178e-10,7.68471756e-20,7.15225198e-12,4.16741736e-17,2.02501007e-32,1.68044285e-14,1.04353553e-13,8.0607449e-12,2.55753682e-14,0.758849118,2.05605268e-19,7.00243424e-26,3.14053953e-24,1.32026289e-26,6.5694596e-25
0.016734375,-0.137727766,15.141976,-251.284305,723.103183,0.478966966,6.5482539e-06,1.29015244e-09,1.73379254e-06,0.201737472,6.37092938e-06,0.0270821602,4.45445728e-06,2.34364821e-06,-2.16868955e-26,6.24647384e-32,5.43793317e-26,3.36282898e-27,1.84083397e-22,1.64768743e-21,0.00010035887,0.0117783901,4.26349833e-15,8.18307038e-16,2.49649127e-24,8.6185243e-23,3.79748214e-21,9.87235574e-32,2.66850642e-23,2.49411423e-29,5.73493679e-24,3.0185413e-26,1.15712871e-23,5.32164462e-27,7.3896235e-23,4.16938792e-25,1.50198969e-16,3.49629791e-14,7.79318719e-15,7.63997261e-14,4.92879203e-15,2.52636683e-05,1.06806919e-05,1.98043661e-07,3.65471224e-10,4.03623322e-20,6.56653775e-12,4.64892276e-17,7.89301308e-33,1.5364616e-14,9.54208151e-14,7.36495196e-12,1.91394808e-14,0.759244024,1.90378778e-19,6.67416566e-26,2.65828875e-24,8.90269515e-27,5.41856621e-25
0.01678125,-0.133824963,14.9717265,-251.284305,695.909651,0.498087711,6.37435186e-06,8.16308814e-10,1.37438472e-06,0.204002692,5.29074715e-06,0.0254749938,3.69727254e-06,2.19475111e-06,1.26171742e-25,1.94721636e-31,3.08190367e-26,2.29537211e-27,1.48228226e-22,7.4479993e-22,9.28288978e-05,0.0107429324,2.54456537e-15,6.52747778e-16,1.25414509e-24,6.29105862e-23,3.44316018e-21,1.02656364e-29,2.56406722e-23,1.66257759e-29,5.46002334e-24,2.15593609e-26,9.96924668e-24,3.67691851e-27,6.44200294e-23,3.76535803e-25,9.59599726e-17,2.30747401e-14,7.00903918e-15,7.08776098e-14,2.61573954e-15,2.31046523e-05,1.03358608e-05,1.80479715e-07,3.06159748e-10,2.08854911e-20,6.01040666e-12,5.17081879e-17,-2.50664292e-32,1.40057493e-14,8.6986837e-14,6.70975481e-12,1.41551686e-14,0.759634,1.75791255e-19,6.11727572e-26,2.25882985e-24,5.92093156e-27,4.45938143e-25
0.016828125,-0.130015111,14.803724,-251.284305,669.516514,0.518137277,6.2021091e-06,5.1951358e-10,1.09312821e-06,0.206172062,4.41965413e-06,0.0239082679,3.05725323e-06,2.05038675e-06,1.01057109e-28,6.69333414e-32,1.88894775e-26,1.55541955e-27,1.1771609e-22,-1.24475128e-22,8.56702301e-05,0.00976719057,1.52344472e-15,5.23418399e-16,6.3439303e-25,4.5587923e-23,3.11391337e-21,1.57340114e-26,2.47294776e-23,1.0958984e-29,5.12702279e-24,1.55087035e-26,8.58001953e-24,2.56409926e-27,5.62046508e-23,3.38817343e-25,6.19522891e-17,1.5160807e-14,6.31892241e-15,6.56909078e-14,1.38236633e-15,2.10952502e-05,9.91250971e-06,1.63942154e-07,2.58133326e-10,1.06365948e-20,5.48364302e-12,5.6571959e-17,3.11041853e-32,1.27263952e-14,7.90442016e-14,6.09403362e-12,1.03473878e-14,0.760018815,1.61845422e-19,5.40866114e-26,1.92386378e-24,3.89969307e-27,3.66341322e-25
0.016875,-0.126306957,14.6382138,-251.284305,643.959679,0.539124319,6.0310677e-06,3.32520853e-10,8.71999017e-07,0.208245077,3.71216408e-06,0.0223837083,2.51996365e-06,1.91101118e-06,1.45533165e-25,7.08485986e-31,1.20545817e-26,1.03854006e-27,9.16219632e-23,-9.60667182e-22,7.88731862e-05,0.00885032232,9.14557918e-16,4.21757427e-16,3.23280858e-25,3.27420915e-23,2.8067307e-21,1.18081028e-29,2.30938655e-23,7.16986449e-30,4.76219351e-24,1.12143017e-26,7.36448083e-24,1.77670851e-27,4.90392761e-23,3.03723802e-25,4.04113378e-17,9.91985314e-15,5.70740595e-15,6.0805883e-14,7.2724485e-16,1.92262777e-05,9.42770544e-06,1.48415849e-07,2.18903413e-10,5.32687867e-21,4.98603558e-12,6.03536894e-17,4.34514276e-33,1.15251612e-14,7.15852174e-14,5.51677023e-12,7.47820538e-15,0.76039817,1.48543365e-19,4.6417088e-26,1.64022843e-24,2.55007172e-27,3.00451485e-25
0.016921875,-0.122709491,14.4754452,-251.284305,619.274728,0.561046838,5.86090596e-06,2.13949665e-10,6.97422555e-07,0.21022133,3.13352023e-06,0.0209031012,2.0713428e-06,1.77689592e-06,-9.60940139e-30,-2.13594474e-32,7.77744845e-27,6.79678774e-28,6.95860614e-23,-1.76389447e-21,7.24297755e-05,0.00799138912,5.50055909e-16,3.41323064e-16,1.66047241e-25,2.32828662e-23,2.51993476e-21,-1.20811871e-26,2.102443e-23,4.65890716e-30,4.3835789e-24,8.13860168e-27,6.29368511e-24,1.2409436e-27,4.27597648e-23,2.71201517e-25,2.66167469e-17,6.46329054e-15,5.16243946e-15,5.61960219e-14,3.80631806e-16,1.74891246e-05,8.89719378e-06,1.33883887e-07,1.86528656e-10,2.62192064e-21,4.51735536e-12,6.25635755e-17,1.12685745e-32,1.04006218e-14,6.46016372e-14,4.97700455e-12,5.34565856e-15,0.76077169,1.35886391e-19,3.89219367e-26,1.39825951e-24,1.6581942e-27,2.45992863e-25
0.01696875,-0.119231884,14.3156693,-251.284305,595.496543,0.583889796,5.69141089e-06,1.38299329e-10,5.59105754e-07,0.212100528,2.65704382e-06,0.0194682842,1.69841881e-06,1.64819397e-06,-3.86717445e-26,-2.96921788e-32,4.9839447e-27,4.34625527e-28,5.14446234e-23,-2.53401394e-21,6.63331863e-05,0.00718934667,3.31133557e-16,2.77272806e-16,8.60475387e-26,1.63862382e-23,2.25268372e-21,-7.25658283e-30,1.93580376e-23,3.0196189e-30,4.00371673e-24,5.91941191e-27,5.34575682e-24,8.63081586e-28,3.72372423e-23,2.41138039e-25,1.76839867e-17,4.19192232e-15,4.67447732e-15,5.1840529e-14,1.9808129e-16,1.58758391e-05,8.33520822e-06,1.20327455e-07,1.59528111e-10,1.26717117e-21,4.0773381e-12,6.30293074e-17,-3.77828412e-33,9.35126813e-15,5.80844694e-14,4.47379947e-12,3.78176548e-15,0.761138922,1.23874868e-19,3.2071173e-26,1.19071451e-24,1.07349908e-27,2.0103528e-25
0.017015625,-0.115883408,14.159137,-251.284305,572.658814,0.607622643,5.52245791e-06,8.97666376e-11,4.49186496e-07,0.213882529,2.26214913e-06,0.0180811321,1.38960974e-06,1.52498309e-06,-2.53781942e-27,1.2818699e-33,3.14381032e-27,2.71220381e-28,3.69996105e-23,-3.03929768e-21,6.05773686e-05,0.00644303513,1.99349577e-16,2.2595746e-16,4.50691526e-26,1.14084236e-23,2.00419032e-21,-1.39524403e-33,1.73697607e-23,1.95236401e-30,3.63086912e-24,4.30639575e-27,4.50252896e-24,6.02459378e-28,3.23687395e-23,2.13454182e-25,1.18370307e-17,2.70499551e-15,4.23584654e-15,4.77231534e-14,1.02455786e-16,1.43791364e-05,7.75440875e-06,1.07725696e-07,1.36788044e-10,6.01597335e-22,3.66566975e-12,6.18556474e-17,1.07493966e-33,8.37547278e-15,5.20238401e-14,4.00621231e-12,2.64970161e-15,0.761499337,1.12508052e-19,2.60815045e-26,1.01205306e-24,6.92620978e-28,1.63957037e-25
0.0170625,-0.11267333,14.0060966,-251.284305,550.793433,0.632196881,5.35399564e-06,5.84828677e-11,3.61615156e-07,0.215567368,1.93286179e-06,0.0167435361,1.13478158e-06,1.40729419e-06,-3.19361834e-26,-2.50587351e-33,1.92857165e-27,1.63783223e-28,2.56861173e-23,-3.65387439e-21,5.51566867e-05,0.00575116922,1.19928909e-16,1.84614045e-16,2.3927957e-26,7.85914986e-24,1.77460732e-21,3.56951915e-34,1.55326694e-23,1.26305698e-30,3.27165078e-24,3.12778749e-27,3.75199227e-24,4.21046641e-28,2.8070967e-23,1.88076252e-25,7.97187051e-18,1.73577232e-15,3.84028992e-15,4.38312523e-14,5.26705207e-17,1.29923609e-05,7.16589633e-06,9.60555631e-08,1.17475873e-10,2.8074829e-22,3.28197376e-12,5.93226359e-17,-3.25201037e-34,7.47146266e-15,4.64088811e-14,3.57327156e-12,1.84032722e-15,0.761852324,1.01783895e-19,2.09984529e-26,8.57947749e-25,4.45918556e-28,1.33420193e-25
0.017109375,-0.109610769,13.8567903,-251.284305,529.929791,0.657543843,5.18603464e-06,3.82356577e-11,2.91703805e-07,0.217155293,1.65671238e-06,0.015457377,9.25180378e-07,1.29512979e-06,1.65993618e-26,3.30224529e-34,1.14753929e-27,9.56343381e-29,1.72086312e-23,-4.23865819e-21,5.00656232e-05,0.0051123288,7.2059829e-17,1.51137469e-16,1.29286179e-26,5.35986619e-24,1.56369342e-21,1.47763282e-34,1.38383986e-23,8.19579926e-31,2.93022459e-24,2.26159465e-27,3.08311585e-24,2.94400757e-28,2.42754886e-23,1.64918116e-25,5.39456754e-18,1.10718364e-15,3.48263512e-15,4.0155024e-14,2.69208509e-17,1.1709424e-05,6.57926845e-06,8.52916778e-08,1.00967461e-10,1.28720394e-22,2.92579967e-12,5.57813973e-17,5.59434409e-35,6.63729878e-15,4.12276373e-14,3.17395814e-12,1.26836044e-15,0.762197207,9.16988443e-20,1.67716524e-26,7.24946571e-25,2.86858006e-28,1.08308987e-25
0.01715625,-0.106704543,13.7114509,-251.284305,510.093997,0.683572904,5.01863857e-06,2.50852415e-11,2.35795927e-07,0.218646795,1.42390818e-06,0.0142244901,7.53308609e-07,1.18847596e-06,-1.47501999e-26,-3.18041866e-33,6.57291282e-28,5.36308214e-29,1.10566951e-23,-4.83034292e-21,4.52985226e-05,0.00452495048,4.32292535e-17,1.23912271e-16,7.14367438e-27,3.6170631e-24,1.37075661e-21,6.02121912e-35,1.22798627e-23,5.34830392e-31,2.60914618e-24,1.6213131e-27,2.48623814e-24,2.05804516e-28,2.09252525e-23,1.43888515e-25,3.66360297e-18,7.01883879e-16,3.15855351e-15,3.66868651e-14,1.36909186e-17,1.05247297e-05,6.00269523e-06,7.54062033e-08,8.67894824e-11,5.81219266e-23,2.59661278e-12,5.15787114e-17,9.20629724e-35,5.87086069e-15,3.64669917e-14,2.80719048e-12,8.68480287e-16,0.762533243,8.22476246e-20,1.3306909e-26,6.10237258e-25,1.84671718e-28,8.76935477e-26
0.017203125,-0.10396298,13.5702971,-251.284305,491.308042,0.710170377,4.85191735e-06,1.65170655e-11,1.91022756e-07,0.220042652,1.22671031e-06,0.0130466238,6.12784314e-07,1.08730974e-06,-8.53640767e-27,-1.57587865e-33,3.50967992e-28,2.79749612e-29,6.60143736e-24,-5.57068752e-21,4.08493676e-05,0.00398732108,2.58894199e-17,1.01689052e-16,4.05813958e-27,2.41731443e-24,1.19586194e-21,2.42442806e-35,1.08507593e-23,3.52059272e-31,2.31043231e-24,1.14634022e-27,1.95441266e-24,1.43753242e-28,1.79720026e-23,1.24890861e-25,2.49448808e-18,4.42249661e-16,2.86438293e-15,3.34208207e-14,6.93610034e-18,9.43309495e-06,5.44300454e-06,6.63687527e-08,7.45759987e-11,2.58700875e-23,2.29378509e-12,4.70156627e-17,-9.65287326e-36,5.16983543e-15,3.21126107e-14,2.47181336e-12,5.91601724e-16,0.762859641,7.34230298e-20,1.04968298e-26,5.1148104e-25,1.19208423e-28,7.08093305e-26
0.01725,-0.101393718,13.4335296,-251.284305,473.588948,0.737199369,4.68602123e-06,1.09176886e-11,1.55122085e-07,0.22134396,1.0589633e-06,0.0119253914,4.98202007e-07,9.9160335e-07,-6.79100627e-27,2.05170639e-34,1.69588748e-28,1.31709864e-29,3.55559128e-24,-6.20116547e-21,3.67115847e-05,0.00349757357,1.54795852e-17,8.34937125e-17,2.38110241e-27,1.59992751e-24,1.03814765e-21,9.60395167e-36,9.54521014e-24,2.34451669e-31,2.03486027e-24,7.92847434e-28,1.48145101e-24,1.00278658e-28,1.53742309e-23,1.0782323e-25,1.70160523e-18,2.77078441e-16,2.5969957e-15,3.03521063e-14,3.50616697e-18,8.42967103e-06,4.90577028e-06,5.81463418e-08,6.40371391e-11,1.14085129e-23,2.01658789e-12,4.23324998e-17,-1.16716099e-34,4.53171144e-15,2.81489136e-14,2.16659029e-12,4.01504295e-16,0.76317558,6.52157182e-20,8.23670353e-27,4.2669466e-25,7.73235286e-29,5.70163915e-26
0.017296875,-0.0990035067,13.3013261,-251.284305,456.947953,0.764500832,4.52113559e-06,7.24740882e-12,1.26302385e-07,0.222552166,9.15737779e-07,0.0108622176,4.0500372e-07,9.01325791e-07,1.48674759e-27,-9.58832022e-35,6.60618823e-29,4.97049325e-30,1.53475937e-24,-6.77917172e-21,3.28778786e-05,0.00305368676,9.24277748e-18,6.85606124e-17,1.44727321e-27,1.04971676e-24,8.96788598e-22,-1.76112295e-34,8.35751106e-24,1.58378836e-31,1.78269075e-24,5.29758715e-28,1.06311785e-24,6.98319899e-29,1.30956769e-23,9.25785917e-26,1.16240801e-18,1.72740514e-16,2.35369869e-15,2.74766874e-14,1.77192836e-18,7.50986906e-06,4.39540123e-06,5.07034042e-08,5.49373453e-11,4.98108853e-24,1.76418654e-12,3.77091164e-17,-3.53802077e-35,3.95377783e-15,2.4559074e-14,1.89019964e-12,2.7191172e-16,0.763480226,5.76140312e-20,6.4316307e-27,3.54166394e-25,5.05169086e-29,4.57816528e-26
0.01734375,-0.0967979912,13.1738359,-251.284305,441.389767,0.791896017,4.35747586e-06,4.83393123e-12,1.03139994e-07,0.2236691,7.93057899e-07,0.00985828107,3.29363037e-07,8.16442459e-07,2.07426897e-27,1.41022564e-34,1.02494345e-29,7.05447444e-31,2.49330046e-25,-7.28207921e-21,2.93400987e-05,0.00265348922,5.51363893e-18,5.6283161e-17,9.11581666e-28,6.8212737e-25,7.70827337e-22,4.276833e-37,7.28195948e-24,1.08761473e-31,1.55368953e-24,3.3414447e-28,6.94371619e-25,4.85321176e-29,1.1104151e-23,7.90452787e-26,7.95135031e-19,1.07278281e-16,2.13215623e-15,2.47909109e-14,8.97352348e-19,6.669292e-06,3.91522984e-06,4.40018815e-08,4.70806995e-11,2.17896536e-24,1.53563808e-12,3.32727972e-17,3.03074909e-36,3.43313019e-15,2.13250583e-14,1.64123468e-12,1.84061066e-16,0.763772761,5.06038485e-20,4.99895475e-27,2.92396331e-25,3.33226492e-29,3.66592536e-26
0.017390625,-0.0947815272,13.0511761,-251.284305,426.91197,0.819190403,4.19528237e-06,3.24132058e-12,8.45006204e-08,0.224696995,6.87692639e-07,0.00891445743,2.68082311e-07,7.3691307e-07,2.77560059e-27,2.37391518e-35,-1.77857691e-29,-1.33772874e-30,-5.40153513e-25,-7.8600277e-21,2.60891408e-05,0.00229466847,3.28787015e-18,4.61770886e-17,5.93706153e-28,4.40373327e-25,6.59454033e-22,-5.38330047e-34,6.31274569e-24,7.6033564e-32,1.34739894e-24,1.89634854e-28,3.72121157e-25,3.36554105e-29,9.37069346e-24,6.71077052e-26,5.44758089e-19,6.64605549e-17,1.93032931e-15,2.22911829e-14,4.56567524e-19,5.90367567e-06,3.46760161e-06,3.80014016e-08,4.03012067e-11,9.30982355e-25,1.32989236e-12,2.91081191e-17,-1.99911176e-35,2.96668325e-15,1.84277066e-14,1.41820761e-12,1.24746265e-16,0.764052408,4.41684959e-20,3.86837593e-27,2.40054176e-25,2.22476745e-29,2.92799182e-26
0.0174375,-0.0929570119,12.9334265,-251.284305,413.504591,0.846179055,4.03481493e-06,2.18624098e-12,6.94788853e-08,0.225638497,5.96995562e-07,0.00803126457,2.18502138e-07,6.62688309e-07,9.84707086e-28,-2.55429451e-35,-2.92864086e-29,-2.1102806e-30,-9.75409393e-25,-8.27511886e-21,2.31148888e-05,0.00197478587,1.96122438e-18,3.78529827e-17,3.97955177e-28,2.81736704e-25,5.61352195e-22,-7.35631872e-36,5.44389235e-24,5.41308418e-32,1.16276482e-24,8.36991538e-29,9.22097747e-26,2.32862135e-29,7.86890975e-24,5.66473293e-26,3.73996572e-19,4.11417159e-17,1.74642671e-15,1.99736959e-14,2.34029653e-19,5.20884038e-06,3.05396574e-06,3.26595525e-08,3.44563643e-11,4.47233139e-25,1.14579717e-12,2.52664586e-17,-2.10388812e-35,2.55119129e-15,1.58468606e-14,1.21955777e-12,8.47921811e-17,0.76431846,3.82887197e-20,2.98103282e-27,1.95949707e-25,1.50644452e-29,2.33301696e-26
0.017484375,-0.091325756,12.8206264,-251.284305,401.149918,0.872653185,3.87634712e-06,1.48415014e-12,5.73513371e-08,0.226496666,5.18781624e-07,0.00720881516,1.78421864e-07,5.93705626e-07,1.03784191e-27,-9.40040292e-36,-3.23719135e-29,-2.26424746e-30,-1.19835434e-24,-8.59987013e-21,2.04062005e-05,0.00169129723,1.17112937e-18,3.09956133e-17,2.7295052e-28,1.78115635e-25,4.75400477e-22,-4.32166137e-32,4.66923683e-24,3.9229505e-32,9.98683729e-25,7.11456851e-30,-1.48948162e-25,1.60756216e-29,6.57453353e-24,4.75438453e-26,2.57484329e-19,2.54976456e-17,1.57886518e-15,1.78342051e-14,1.21196938e-19,4.58065441e-06,2.67496803e-06,2.79322518e-08,2.94228157e-11,1.63724588e-25,9.82107665e-13,2.17741223e-17,-5.96779806e-35,2.18327601e-15,1.35615375e-14,1.0436639e-12,5.78959306e-17,0.764570307,3.29427405e-20,2.28820175e-27,1.59012359e-25,1.03623406e-29,1.85507871e-26
0.01753125,-0.0898874033,12.7127723,-251.284305,389.822567,0.898407516,3.72016018e-06,1.01460305e-12,4.75396397e-08,0.227274962,4.51232422e-07,0.00644678017,1.46029873e-07,5.29884739e-07,6.55418311e-29,-1.8044898e-36,-3.14324355e-29,-2.14030942e-30,-1.29753634e-24,-9.0692828e-21,1.79509397e-05,0.00144157904,7.00637293e-19,2.53482556e-17,1.90566751e-28,1.11485788e-25,4.00799565e-22,-4.38241362e-28,3.98244625e-24,2.89115002e-32,8.54011889e-25,-4.6812181e-29,-3.53828309e-25,1.10310828e-29,5.46511542e-24,3.96765531e-26,1.77924715e-19,1.58534049e-17,1.42623634e-15,1.58678598e-14,6.3589073e-20,4.01501023e-06,2.33054643e-06,2.37742066e-08,2.509328e-11,7.76775432e-26,8.37500095e-13,1.86389175e-17,-6.6434718e-34,1.85946162e-15,1.15501482e-14,8.88860119e-13,3.97705219e-17,0.764807464,2.81063959e-20,1.74992408e-27,1.28277255e-25,7.24926085e-30,1.47282343e-26
0.017578125,-0.0886399061,12.6098164,-251.284305,379.489821,0.923247909,3.5665368e-06,6.98814754e-13,3.95815101e-08,0.227977212,3.92823281e-07,0.00574436683,1.19842601e-07,4.7112337e-07,3.04342881e-27,9.33628255e-36,-2.82988876e-29,-1.87902291e-30,-1.305217e-24,-9.43553205e-21,1.57360559e-05,0.00122295936,4.20281265e-19,2.07007131e-17,1.34707728e-28,6.87591408e-26,3.362998e-22,2.79052571e-32,3.38029533e-24,2.16347524e-32,7.27253889e-25,-8.35221491e-29,-5.26345412e-25,7.61418317e-30,4.51980874e-24,3.2925848e-26,1.23519492e-19,9.91044404e-18,1.28727931e-15,1.40690907e-14,3.38917745e-20,3.50781349e-06,2.0200291e-06,2.01394483e-08,2.13742522e-11,4.80731706e-26,7.10589512e-13,1.58553135e-17,7.79675199e-35,1.57621582e-15,9.79075214e-15,7.5345487e-13,2.75216794e-17,0.765029587,2.37533731e-20,1.3336984e-27,1.02875633e-25,5.15926818e-30,1.16818373e-26
0.017625,-0.0875795601,12.5116673,-251.284305,370.112235,0.946998659,3.41575485e-06,4.85121115e-13,3.31076199e-08,0.22860757,3.42267107e-07,0.00510031392,9.86513783e-08,4.17293814e-07,-7.90956554e-29,1.15049129e-35,-2.45524118e-29,-1.59180801e-30,-1.26717746e-24,-9.76837569e-21,1.37477077e-05,0.00103275216,2.52976797e-19,1.68800942e-17,9.60073686e-29,4.15446262e-26,2.80870993e-22,1.00322083e-28,2.85568886e-24,1.64120979e-32,6.16949853e-25,-1.07012654e-28,-6.6915962e-25,5.2180926e-30,3.71926739e-24,2.71747445e-26,8.62286585e-20,6.24241513e-18,1.16085787e-15,1.24315566e-14,1.83936754e-20,3.05498425e-06,1.74223402e-06,1.69819204e-08,1.81841723e-11,1.57993853e-26,5.99950646e-13,1.3408445e-17,3.14009301e-35,1.32999505e-15,8.26133862e-15,6.35752186e-13,1.92080084e-17,0.765236495,1.97350845e-20,1.01329234e-27,8.20280938e-26,3.73432791e-30,9.26313915e-27
0.017671875,-0.0867010971,12.4181914,-251.284305,361.644472,0.969508835,3.26808137e-06,3.39543143e-13,2.78231388e-08,0.229170452,2.98471018e-07,0.00451290551,8.14763372e-08,3.68240778e-07,1.01384328e-27,3.70385413e-36,-2.08531548e-29,-1.32188038e-30,-1.20602944e-24,-1.0069401e-20,1.19714256e-05,0.00086829334,1.52906912e-19,1.37436509e-17,6.8768722e-29,2.4329844e-26,2.33526504e-22,5.36417478e-32,2.39885591e-24,1.2602473e-32,5.21608306e-25,-1.20382898e-28,-7.84736796e-25,3.58308511e-30,3.04558694e-24,2.23103872e-26,6.05824126e-20,3.97004911e-18,1.04594149e-15,1.09481464e-14,1.0185888e-20,2.65246894e-06,1.49556873e-06,1.42560893e-08,1.54519021e-11,-3.41918761e-26,5.04140916e-13,1.12772024e-17,-4.11949802e-36,1.11729168e-15,6.94012002e-15,5.34073948e-13,1.35325427e-17,0.765428171,1.61555392e-20,7.67690006e-28,6.5039446e-26,2.74663953e-30,7.34965009e-27
0.01771875,-0.0859978309,12.3292168,-251.284305,354.036323,0.990657148,3.123767e-06,2.39655897e-13,2.34929258e-08,0.229670478,2.60502643e-07,0.00398000305,6.75267178e-08,3.23780826e-07,6.33940506e-29,2.32679738e-37,-1.75124281e-29,-1.08676628e-30,-1.13623587e-24,-1.03403415e-20,1.03923037e-05,0.000726976663,9.2866582e-20,1.11731713e-17,4.93900197e-29,1.35057396e-26,1.93332463e-22,3.34559579e-36,2.00179156e-24,9.78312466e-33,4.39741132e-25,-1.26068197e-28,-8.75338335e-25,2.45344095e-30,2.48228523e-24,1.8225416e-26,4.28661498e-20,2.55403609e-18,9.41589832e-16,9.61103434e-15,5.76505087e-21,2.29626113e-06,1.27812794e-06,1.19175476e-08,1.31154165e-11,3.50080766e-27,4.2172425e-13,9.4366123e-18,-7.64643508e-37,9.34680775e-16,5.80582232e-15,4.46782025e-13,9.63118863e-18,0.765604764,1.29426552e-20,5.80175054e-28,5.12942661e-26,2.05037045e-30,5.84075513e-27
0.017765625,-0.0854618455,12.2445373,-251.284305,347.233852,1.01035502,2.98304117e-06,1.70600023e-13,1.99296166e-08,0.230112388,2.27563689e-07,0.00349909383,5.61669657e-08,2.83703538e-07,-2.03408078e-27,3.13206232e-34,-1.46406125e-29,-8.90845742e-31,-1.06701293e-24,-1.05830461e-20,8.99521098e-06,0.000606287579,5.67050523e-20,9.07054921e-18,3.55101397e-29,6.6985502e-27,1.59414971e-22,-7.18196315e-33,1.65989173e-24,7.67015252e-33,3.69893797e-25,-1.25998252e-28,-9.42981471e-25,1.67956634e-30,2.01429866e-24,1.48191311e-26,3.05607521e-20,1.66463498e-18,8.46940167e-16,8.41177928e-15,3.33892125e-21,1.98242851e-06,1.08778661e-06,9.923577e-09,1.11206658e-11,4.11176794e-26,3.51294352e-13,7.85966578e-18,9.03662491e-33,7.78863882e-16,4.83795701e-15,3.72299061e-13,6.92734245e-18,0.765766585,1.01097492e-20,4.3754238e-28,4.02525481e-26,1.55229752e-30,4.654217e-27
0.0178125,-0.0850842159,12.1639189,-251.284305,341.180601,1.02854767,2.84610814e-06,1.22483713e-13,1.69840288e-08,0.230500966,1.98968928e-07,0.00306735269,4.68880305e-08,2.47774303e-07,-3.97831324e-28,7.28011431e-30,-1.22191871e-29,-7.32293903e-31,-1.00433095e-24,-1.07994442e-20,7.76500856e-06,0.000503833236,3.48274356e-20,7.354252e-18,2.5532153e-29,2.29629751e-27,1.30965393e-22,-8.51738544e-37,1.36716961e-24,6.06919798e-33,3.10670571e-25,-1.2171125e-28,-9.89391699e-25,1.46086161e-30,1.62797926e-24,1.19984053e-26,2.19588686e-20,1.10047752e-18,7.61197267e-16,7.34145775e-15,1.98032106e-21,1.70714334e-06,9.2228607e-07,8.23364175e-09,9.42058028e-12,8.30146861e-28,2.91496099e-13,6.5187107e-18,4.57916698e-29,6.46707597e-16,4.01706085e-15,3.09126818e-13,5.0363527e-18,0.765914089,7.65996721e-21,3.2942829e-28,3.14450821e-26,1.20407066e-30,3.72318102e-27
0.017859375,-0.0848552448,12.0871054,-251.284305,335.818783,1.04521333,2.71314406e-06,8.86876123e-14,1.45374347e-08,0.230840968,1.74129207e-07,0.0026817127,3.9283295e-08,2.15738466e-07,-3.20578217e-25,1.78527784e-25,1.58906735e-29,-6.06777445e-31,-9.52274523e-25,-1.09915103e-20,6.68676262e-06,0.000417367309,2.15283466e-20,5.95647755e-18,1.83486283e-29,-9.33188684e-28,1.07243781e-22,8.99008515e-41,1.11794557e-24,4.84460758e-33,2.60754529e-25,-1.14446844e-28,-1.01595613e-24,1.27667536e-28,1.31108093e-24,9.67831323e-27,1.59027963e-20,7.38482363e-19,6.83625461e-16,6.39081941e-15,1.20317504e-21,1.46671358e-06,7.79311103e-07,6.8097923e-09,7.97419916e-12,-1.83465835e-25,2.4104397e-13,5.38649362e-18,2.11410455e-25,5.35275236e-16,3.32489247e-15,2.55861236e-13,3.70189493e-18,0.766047856,5.52115593e-21,2.47749274e-28,2.44683904e-26,1.00699823e-30,2.9936101e-27
0.01790625,-0.0847647052,12.0138258,-251.284305,331.090416,1.06036083,2.58429515e-06,6.47565558e-14,1.24953449e-08,0.231137044,1.52537488e-07,0.00233894026,3.30285777e-08,1.87326459e-07,-6.49371148e-25,4.90646775e-26,-4.78635084e-30,-6.59999968e-31,-1.18494951e-24,-1.11612296e-20,5.74594084e-06,0.000344808749,1.3391888e-20,4.82074084e-18,1.31794417e-29,-3.89980151e-27,8.75940608e-23,7.31905198e-41,9.06901748e-25,3.89996607e-33,2.18921143e-25,-1.05220877e-28,-1.02382685e-24,4.59191053e-29,1.05272816e-24,7.78245977e-27,1.16062346e-20,5.031954e-19,6.13542416e-16,5.55045234e-15,7.48772316e-22,1.25761233e-06,6.56556141e-07,5.61696365e-09,6.7459087e-12,2.56622851e-28,1.98736752e-13,4.4369165e-18,1.61760427e-25,4.41850448e-16,2.74457914e-15,2.11203684e-13,2.75329573e-18,0.766168571,3.65962994e-21,1.86235465e-28,1.8979218e-26,7.28043034e-31,2.42203126e-27
0.017953125,-0.0848020739,11.9438002,-251.284305,326.938334,1.0740259,2.45967685e-06,4.76730823e-14,1.07825193e-08,0.231393681,1.33757173e-07,0.00203570995,2.7865673e-08,1.62259446e-07,-3.88811507e-26,-1.11357126e-25,-2.59024137e-29,-6.84347508e-31,-1.40423973e-24,-1.1310565e-20,4.92858463e-06,0.000284254083,8.38559233e-21,3.90027125e-18,9.47981744e-30,-4.8141077e-27,7.1534074e-23,3.78025652e-41,7.29121068e-25,3.16567794e-33,1.84071768e-25,-9.49155891e-29,-1.01522508e-24,-5.6382164e-29,8.4336461e-25,6.24302554e-27,8.53356724e-21,3.4812691e-19,5.50314299e-16,4.81094668e-15,4.77104247e-22,1.07650339e-06,5.51779816e-07,4.62316419e-09,5.70477666e-12,1.40157758e-25,1.63468098e-13,3.64555879e-18,-1.60757895e-25,3.63952395e-16,2.26071098e-15,1.73968171e-13,2.06740367e-18,0.766276999,2.04945402e-21,1.40048696e-28,1.46886801e-26,5.65287326e-31,1.97396018e-27
0.018,-0.0849567478,11.8767467,-251.284305,323.307062,1.08626666,2.33937401e-06,3.53796872e-14,9.33897195e-09,0.231615146,1.17412214e-07,0.00176867534,2.35889219e-08,1.40255062e-07,4.77459373e-25,-1.86421453e-25,-3.16750933e-29,-5.75925178e-31,-1.34885346e-24,-1.1441429e-20,4.22145086e-06,0.000233983407,5.2881163e-21,3.15629185e-18,6.82814816e-30,-4.06002677e-27,5.84311061e-23,1.99862987e-41,5.80111894e-25,2.5906991e-33,1.55172218e-25,-8.4341958e-29,-9.94364567e-25,-6.79424707e-29,6.74682037e-25,5.00056231e-27,6.31833994e-21,2.44428061e-19,4.93351992e-16,4.16304722e-15,3.11038133e-22,9.20261743e-07,4.62847482e-07,3.79955846e-09,4.82397004e-12,1.01590689e-28,1.34232904e-13,2.99000746e-18,-1.38320732e-25,2.9934269e-16,1.85938414e-15,1.43084652e-13,1.56698314e-18,0.766373957,3.29695614e-21,1.05472906e-28,1.13562349e-26,4.48166727e-31,1.62192455e-27
0.018046875,-0.0852182354,11.8123865,-251.284305,320.143525,1.09715878,2.22344178e-06,2.64634356e-14,8.11678463e-09,0.231805447,1.03178642e-07,0.00153453245,2.00343479e-08,1.21032852e-07,-7.08639388e-26,4.54749254e-26,-1.89280198e-30,-3.76382475e-31,-1.00486273e-24,-1.15556591e-20,3.61212026e-06,0.000192460596,3.36484203e-21,2.55656597e-18,8.32978855e-30,-3.03135116e-27,4.77813571e-23,1.0775444e-41,4.55818156e-25,2.1372643e-33,1.31311023e-25,-7.41306301e-29,-9.60714379e-25,-1.45190437e-29,5.39532061e-25,4.00358458e-27,4.70854392e-21,1.74014991e-19,4.42108083e-16,3.59778749e-15,2.07278869e-22,7.85988132e-07,3.8776218e-07,3.12045353e-09,4.08024525e-12,4.2024553e-29,1.1012977e-13,2.45003191e-18,3.8630425e-26,2.46024882e-16,1.52819755e-15,1.17598756e-13,1.20118676e-18,0.766460295,4.36678093e-21,7.96658062e-29,8.78367271e-27,3.65067239e-31,1.34411707e-27
0.01809375,-0.0855763185,11.7504489,-251.284305,317.397587,1.10679055,2.11190733e-06,1.99454422e-14,7.07757203e-09,0.231968308,9.07772734e-08,0.00133007388,1.70709358e-08,1.04319124e-07,1.01571871e-26,6.95207684e-31,1.688523e-29,-2.54010231e-31,-7.72093855e-25,-1.16549988e-20,3.08907188e-06,0.0001583286,2.15469383e-21,2.07436838e-18,3.57159015e-30,-2.19643403e-27,3.91729142e-23,5.89416569e-42,3.52616678e-25,1.77719375e-33,1.11718957e-25,-6.50345851e-29,-9.19987538e-25,1.22033886e-31,4.31826851e-25,3.20800846e-27,3.52985022e-21,1.25324032e-19,3.96074387e-16,3.10660086e-15,1.41042577e-22,6.71017385e-07,3.24684968e-07,2.56320415e-09,3.45350062e-12,2.45972597e-29,9.03600295e-14,2.00763673e-18,5.71897453e-30,2.02237576e-16,1.25621021e-15,9.66684949e-14,9.30525809e-19,0.766536871,3.71694239e-21,6.0461581e-29,6.80930309e-27,3.83745523e-31,1.12356824e-27
0.0181875,-0.0865361181,11.632574,-251.284305,312.949812,1.1227535,1.90188244e-06,1.15839077e-14,5.43553816e-09,0.232226781,7.05379363e-08,0.000996340366,1.2506799e-08,7.71862154e-08,1.55336941e-26,1.63493854e-26,4.43478694e-26,-1.24305076e-31,-4.8456102e-25,-1.18163213e-20,2.25518155e-06,0.000107153358,9.04270595e-22,1.37315775e-18,1.8960788e-30,-9.61309167e-28,2.6537162e-23,3.44456303e-42,1.95681151e-25,1.25708099e-33,8.2427734e-26,-5.22116044e-29,-8.26922569e-25,2.32981397e-30,2.77175636e-25,2.06365535e-27,2.05564441e-21,6.74598257e-20,3.1763434e-16,2.31024753e-15,6.91569752e-23,4.88352324e-07,2.27200009e-07,1.72973302e-09,2.47917681e-12,9.33416275e-30,6.08212585e-14,1.34777015e-18,2.80747549e-26,1.36668896e-16,8.48926633e-16,6.53268816e-14,5.78926707e-19,0.766664686,2.68834742e-21,3.53739861e-29,4.11643347e-27,1.36216868e-30,8.02785335e-28
0.01828125,-0.0877538497,11.5210578,-251.284305,309.595718,1.13509744,1.70877777e-06,6.86434747e-15,4.20352828e-09,0.232416619,5.49146134e-08,0.000742452991,9.20555048e-09,5.67411537e-08,-1.44892255e-25,4.51614248e-27,-9.27024302e-26,-8.05552911e-32,-3.45453184e-25,-1.19384069e-20,1.63893921e-06,7.21874218e-05,3.86065712e-22,9.08410954e-19,1.0106154e-30,-5.55608229e-28,1.80668419e-23,1.53855844e-37,8.65147209e-26,9.11612651e-34,6.25071665e-26,-5.5397112e-29,-7.31322001e-25,-1.00785059e-30,1.77203098e-25,1.32163122e-27,1.21537872e-21,3.77775233e-20,2.54160429e-16,1.70940706e-15,3.59194592e-23,3.53883464e-07,1.58110579e-07,1.16198366e-09,1.7771791e-12,3.05263086e-30,4.07376847e-14,9.00260092e-19,3.57375175e-27,9.19387254e-17,5.71082635e-16,4.39460728e-14,3.68098705e-19,0.766764754,1.93535664e-21,2.07554106e-29,2.48029285e-27,-2.05307969e-29,5.80959211e-28
0.018375,-0.089175184,11.4145577,-251.284305,307.092427,1.14448793,1.53207486e-06,4.14292353e-15,3.2686279e-09,0.232554461,4.28335901e-08,0.000551508364,6.80254599e-09,4.15442615e-08,2.38828869e-26,8.74423568e-33,-1.44417858e-25,-6.2516088e-32,-2.50600906e-25,-1.20297719e-20,1.1884578e-06,4.86114057e-05,1.67809478e-22,6.02788498e-19,5.4944484e-31,-4.96658224e-29,1.25292095e-23,1.4620907e-32,1.15384706e-26,6.75704502e-34,4.91616424e-26,-1.00304907e-28,-6.36575748e-25,1.33331523e-32,1.13498598e-25,8.4758378e-28,7.26888264e-22,2.14749145e-20,2.03034288e-16,1.26115338e-15,1.96189162e-23,2.5593143e-07,1.09812994e-07,7.80351714e-10,1.27445097e-12,1.53070592e-30,2.72724429e-14,6.01066396e-19,7.97454962e-32,6.18266193e-17,3.84039574e-16,2.95526615e-14,2.3877128e-19,0.766842238,1.390329e-21,1.22999679e-29,1.50154999e-27,-1.47708726e-29,4.21578466e-28
0.0185625,-0.092429985,11.2116411,-251.284305,303.819761,1.15700134,1.22396395e-06,1.5738878e-15,2.00034483e-09,0.232728004,2.61407339e-08,0.000299668061,3.70760643e-09,2.18068616e-08,-8.50436873e-27,-1.79708792e-31,-2.4363418e-26,-1.3125027e-32,-6.42437425e-26,-2.82658645e-21,6.15860739e-07,2.17115416e-05,3.27672644e-23,2.64276156e-19,1.46733293e-31,-1.53297082e-29,5.4314933e-24,3.67759245e-27,-7.61211085e-26,3.89130816e-34,3.32122786e-26,-4.36762947e-28,-4.48139533e-25,1.2678683e-31,4.59788828e-26,3.43581274e-28,2.9498854e-22,7.44187015e-21,1.28604138e-16,6.76146726e-16,6.52308031e-24,1.31986611e-07,5.2046138e-08,3.46656475e-10,6.51239422e-13,-6.61049791e-27,1.2032433e-14,2.63725352e-19,-4.55382083e-32,2.75390938e-17,1.71060654e-16,1.31634656e-14,1.05384499e-19,0.766948539,7.06866705e-22,4.3686314e-30,5.4438004e-28,-6.70318424e-33,2.05808543e-28
0.01865625,-0.0941955716,11.1137396,-251.284305,302.77146,1.16106799,1.09079181e-06,9.77239217e-16,1.55987088e-09,0.232781442,2.0326997e-08,0.000218362817,2.71288917e-09,1.55872193e-08,1.85692681e-26,-1.14390734e-32,2.61564709e-27,2.14814024e-33,1.26890389e-27,-2.05301019e-21,4.37704253e-07,1.42286169e-05,1.44094644e-23,1.71680834e-19,7.45245214e-32,2.19693336e-29,3.53822155e-24,1.00426926e-31,-1.09852295e-25,2.95649576e-34,2.92860646e-26,-1.06372022e-27,-3.72644173e-25,1.41371352e-33,2.85221019e-26,2.13250833e-28,1.90473211e-22,4.34529831e-21,1.01735809e-16,4.89241005e-16,3.88184522e-24,9.35711736e-08,3.52280722e-08,2.26505703e-10,4.60004145e-13,-4.39189133e-31,7.83047618e-15,1.71098979e-19,9.56784635e-32,1.80208078e-17,1.11937278e-16,8.61379706e-15,7.00507014e-20,0.766984269,4.97226094e-22,2.52005283e-30,3.1701484e-28,2.28125047e-32,1.33119129e-28
0.01875,-0.0960288069,11.0176187,-251.284305,302.015011,1.16402064,9.7067546e-07,6.14653251e-16,1.21906687e-09,0.232818825,1.58317717e-08,0.000159386026,1.99019901e-09,1.11634537e-08,2.61748415e-26,1.23654349e-34,-1.07404061e-26,1.5989112e-33,4.02302398e-26,-1.49409598e-21,3.1202163e-07,9.39659132e-06,6.44786181e-24,1.12565338e-19,3.82626675e-32,3.38648995e-29,2.3277891e-24,4.36244945e-37,-7.38093972e-26,2.14600237e-34,2.55742969e-26,-1.77642459e-28,-3.08615927e-25,6.83008311e-34,1.79013639e-26,1.33906328e-28,2.85624967e-22,2.58157342e-21,8.0467458e-17,3.54725372e-16,2.36448746e-24,6.65479862e-08,2.39740009e-08,1.49171078e-10,3.26267797e-13,1.05234838e-31,5.13721622e-15,1.11927708e-19,1.19334065e-34,1.1884487e-17,7.38211706e-17,5.68068431e-15,4.61154804e-20,0.767010989,3.5098365e-22,1.4818848e-30,1.87795909e-28,1.3912113e-32,8.29250454e-29
0.0189375,-0.0998119263,10.828697,-251.284305,301.065925,1.16774746,7.65020158e-07,2.5001219e-16,7.4671086e-10,0.23286382,9.62043126e-09,8.49130293e-05,1.06710534e-09,5.72021768e-09,-7.21642182e-27,-5.31348816e-35,-1.9622147e-27,2.52871498e-33,6.97122835e-26,-7.91748193e-22,1.59015928e-07,4.15777677e-06,1.33357238e-24,4.93238475e-20,1.02873216e-32,2.48566633e-29,1.02723372e-24,6.86548802e-43,-3.37015875e-26,5.95006474e-35,1.82914511e-26,-9.26658596e-30,-2.04940769e-25,1.63896112e-34,7.23188011e-27,5.4138615e-29,1.11837929e-22,9.61474696e-22,5.01782422e-17,1.86618706e-16,9.23415427e-25,3.37721653e-08,1.11971267e-08,6.56755865e-11,1.65186885e-13,2.15287298e-32,2.2457455e-15,4.86751533e-20,-2.67506968e-35,5.24549418e-18,3.25826874e-17,2.5073009e-15,2.04656115e-20,0.767046123,1.75588108e-22,5.38503795e-31,6.86421679e-29,2.54389665e-33,3.13656237e-29
0.019125,-0.10365935,10.6422946,-251.284305,300.54692,1.16979648,5.98520389e-07,1.01913673e-16,4.50550907e-10,0.232887211,5.75369608e-09,4.38902011e-05,5.52129711e-10,2.82715425e-09,4.15939556e-27,3.79743953e-37,2.91926028e-27,1.00974644e-33,7.11812387e-26,-4.06980215e-22,7.83459937e-08,1.7529281e-06,2.67579791e-25,2.06570886e-20,2.59701304e-33,1.24575859e-29,4.32850336e-25,-3.7355332e-45,-1.47136968e-26,1.56751584e-35,1.08661369e-26,-1.03234607e-30,-1.33338257e-25,3.64048697e-35,2.75463216e-27,2.06291054e-29,4.32698461e-23,3.26288565e-22,3.07558549e-17,9.51620368e-17,3.73307245e-25,1.65645564e-08,5.00971131e-09,2.75354807e-11,8.09678903e-14,3.97620793e-33,9.33988689e-16,2.01261126e-20,7.63348303e-36,2.20538872e-18,1.36988984e-17,1.05415652e-15,8.67687611e-21,0.767066437,8.47729064e-23,1.82741839e-31,2.33346368e-29,3.32550831e-34,1.02254471e-29
0.01921875,-0.105590364,10.5497009,-251.284305,300.389482,1.17041979,5.28226648e-07,6.53306207e-17,3.48769306e-10,0.232893999,4.43391906e-09,3.13720074e-05,3.94749836e-10,1.97421464e-09,1.97819771e-26,9.59330011e-36,-7.54277386e-28,1.05693732e-33,6.63188619e-26,-2.90091738e-22,5.46405912e-08,1.12734548e-06,1.19609279e-25,1.32299571e-20,1.28906245e-33,8.24557537e-30,2.78606707e-25,-1.86004934e-45,-9.63753438e-27,7.96888228e-36,8.02671349e-27,-4.58861685e-31,-1.06936848e-25,1.68550077e-35,1.67883431e-27,1.25750458e-29,2.61271482e-23,1.98736124e-22,2.39858918e-17,6.75499094e-17,2.3451152e-25,1.15259207e-08,3.32339219e-09,1.7657026e-11,5.63333741e-14,5.67614927e-33,5.96357238e-16,1.28112911e-20,4.89276021e-36,1.41627004e-18,8.79724256e-18,6.76964623e-16,5.5975727e-21,0.767072897,5.85063987e-23,1.04690511e-31,1.33763688e-29,8.23165148e-35,5.66672277e-30
0.01940625,-0.109442876,10.3652334,-251.284305,300.199992,1.17117145,4.0992437e-07,2.74210601e-17,2.09604324e-10,0.232901808,2.64239673e-09,1.62173648e-05,2.02999669e-10,9.76790922e-10,8.80517546e-27,8.35240083e-36,2.27506132e-28,4.69951074e-34,5.12173243e-26,-1.4920335e-22,2.70121132e-08,4.82804853e-07,2.48231989e-26,5.63262354e-21,3.29806413e-34,3.258321e-30,1.19453732e-25,-4.81911769e-46,-4.26113506e-27,2.13463462e-36,4.17462771e-27,-1.61354222e-31,-6.67155397e-26,3.81985808e-36,6.55931319e-28,4.91435648e-30,1.02091284e-23,7.2095781e-23,1.46057408e-17,3.44797791e-17,9.76453039e-26,5.67440743e-09,1.50227701e-09,7.52381153e-12,2.77494216e-14,1.23567578e-33,2.52230247e-16,5.38996165e-21,2.2436813e-36,6.05016273e-19,3.75809329e-18,2.89192428e-16,2.40763003e-21,0.767081044,2.83812238e-23,3.69766736e-32,4.7211597e-30,-2.02196487e-35,1.78526423e-30
0.01959375,-0.113257954,10.1812705,-251.284305,300.101074,1.17156474,3.16093615e-07,1.15122968e-17,1.24504789e-10,0.232905668,1.55649606e-09,8.25185055e-06,1.02165227e-10,4.74816413e-10,2.79171413e-27,5.30622217e-36,-1.22465177e-28,1.98960145e-34,3.59222531e-26,-7.55321879e-23,1.31340171e-08,2.02864539e-07,5.07008614e-27,2.35383597e-21,8.17290221e-35,1.15079793e-30,5.01779411e-26,-1.22124506e-46,-1.84939885e-27,5.55260497e-37,2.05505251e-27,-5.65899531e-32,-3.97888036e-26,8.34679185e-37,2.51091811e-28,1.88160618e-30,3.96448579e-24,2.63064916e-23,8.78744671e-18,1.73197168e-17,4.08235515e-26,2.74749031e-09,6.66760157e-10,3.14516934e-12,1.34500387e-14,-1.9803632e-35,1.0464302e-16,2.2241516e-21,1.79724689e-37,2.53566147e-19,1.57504068e-18,1.21202369e-16,1.01478818e-21,0.767085542,1.35363135e-23,1.27914449e-32,1.6303159e-30,-1.56760294e-35,5.0922219e-31
0.01978125,-0.117021597,9.99757095,-251.284305,300.050305,1.17176711,2.4222502e-07,4.82216795e-18,7.30942611e-11,0.232907543,9.06197863e-10,4.13528982e-06,5.03785149e-11,2.26963656e-10,9.13277032e-27,-1.9228632e-36,2.22379369e-29,7.56682057e-35,2.34576502e-26,-3.76564638e-23,6.28480089e-09,8.36924842e-08,1.0170441e-27,9.66054688e-22,1.9623938e-35,3.71747465e-31,2.06530841e-26,-3.01777651e-47,-7.88484693e-28,1.40174366e-37,9.68568957e-28,-1.88991266e-32,-2.27447738e-26,1.75741986e-37,9.42517632e-29,7.06419718e-31,1.52884923e-24,8.83979213e-24,5.22493302e-18,8.5665578e-18,1.70630877e-26,1.30912123e-09,2.90780246e-10,1.29081388e-12,6.41726676e-15,1.05215517e-34,4.26169386e-17,9.00882045e-22,-1.36063999e-36,1.04338684e-19,6.48105733e-19,4.98729642e-17,4.1953734e-22,0.767087986,6.35156745e-24,4.33603927e-33,5.51323304e-31,-6.45075651e-36,1.25344038e-31
0.01996875,-0.120725864,9.81400538,-251.284305,300.024669,1.17186965,1.84488138e-07,2.0106021e-18,4.24172196e-11,0.232908438,5.21509532e-10,2.04204762e-06,2.43673449e-11,1.06763393e-10,4.61891683e-27,4.33209104e-37,1.2156617e-29,2.78211382e-35,1.44760754e-26,-1.84977964e-23,2.96124562e-09,3.39239046e-08,2.00004852e-28,3.89475477e-22,4.56915369e-36,1.11456959e-31,8.33303938e-27,-7.26188006e-48,-3.30440967e-28,3.43471297e-38,4.40239457e-28,-6.00325536e-33,-1.25056808e-26,3.56261955e-38,3.47177487e-29,2.6025425e-31,5.85390613e-25,2.88195541e-24,3.07106675e-18,4.17432519e-18,7.10673468e-27,6.14165515e-10,1.246869e-10,5.20465169e-13,3.01521444e-15,7.45972221e-35,1.70495908e-17,3.58425777e-22,-3.62857756e-37,4.21816281e-20,2.62013608e-19,2.01624432e-17,1.70290552e-22,0.767089297,2.93369954e-24,1.44111018e-33,1.82731002e-31,-2.16182792e-36,2.25013905e-32
0.02015625,-0.124366352,9.6305065,-251.284305,300.011925,1.17192088,1.39673168e-07,8.32775725e-19,2.43355915e-11,0.232908858,2.96710518e-10,9.94101556e-07,1.15728203e-11,4.94545478e-11,-3.50912196e-27,-3.09361116e-37,-2.44025438e-29,6.48846391e-36,8.52604883e-27,-8.95720549e-24,1.37454922e-09,1.35186504e-08,3.84980295e-29,1.54362287e-22,1.03278371e-36,3.13353793e-32,3.29797389e-27,-1.70112633e-48,-1.36203968e-28,8.17275131e-39,1.93929446e-28,-1.81960068e-33,-6.63658934e-27,6.94407033e-39,1.2558064e-29,9.41532611e-32,2.22535944e-25,1.05459712e-24,1.78483341e-18,2.00486078e-18,2.94196784e-27,2.83835998e-10,5.2601023e-11,2.06299859e-13,1.39576768e-15,-4.45098566e-36,6.70471641e-18,1.40163592e-22,-2.69211597e-38,1.67646731e-20,1.04134732e-19,8.01336466e-18,6.79219306e-23,0.767089992,1.33452467e-24,4.69892004e-34,5.94047187e-32,-6.46399604e-37,-7.11341632e-35
0.02034375,-0.12794067,9.44704015,-251.284305,300.005684,1.17194617,1.0512257e-07,3.42052253e-19,1.38059852e-11,0.232909053,1.66920698e-10,4.77284738e-07,5.4017542e-12,2.25709212e-11,8.30834913e-27,1.31660482e-37,8.01802537e-30,3.5018604e-36,4.82610015e-27,-4.27734958e-24,6.28842381e-10,5.29926663e-09,7.24394989e-30,6.02125671e-23,2.26923156e-37,8.32369262e-33,1.28127674e-27,-3.87985276e-49,-5.52479514e-29,1.88960396e-39,8.30881559e-29,-5.28034643e-34,-3.4099726e-27,1.29859788e-39,4.46355366e-30,3.34698421e-32,8.3994384e-26,-1.63621143e-25,1.02590026e-18,9.49470618e-19,1.20805935e-27,1.29276564e-10,2.18432145e-11,8.04329367e-14,6.36812069e-16,1.9989752e-35,2.59318541e-18,5.39050795e-23,-1.49667279e-37,6.55402722e-21,4.07107173e-20,3.13276671e-18,2.66411879e-23,0.767090358,5.98155684e-25,1.50406378e-34,1.89557333e-32,-1.78673815e-37,-2.79207961e-33
0.02053125,-0.131447545,9.26358938,-251.284305,300.002673,1.17195852,7.86600914e-08,1.39100444e-19,7.74620766e-12,0.232909142,9.28660092e-11,2.26073796e-07,2.47986157e-12,1.01542175e-11,-7.36450716e-27,3.37380101e-39,-2.2505343e-30,8.84479925e-37,2.6387664e-27,-2.01498543e-24,2.83648027e-10,2.04442082e-09,1.33085733e-30,2.31176456e-23,4.85348626e-38,2.10099665e-33,4.89015886e-28,-8.6183385e-50,-2.20636918e-29,4.24777721e-40,3.47155686e-29,-1.47137937e-34,-1.70088777e-27,2.3216731e-40,1.55981724e-30,1.16977668e-32,3.14813134e-26,-2.13935877e-26,5.83294841e-19,4.43533988e-19,4.91211793e-28,5.80503189e-11,8.9327859e-12,3.08614028e-14,2.86460367e-16,-8.8233338e-36,9.86951098e-19,2.03989032e-23,-3.56723251e-38,2.52162707e-21,1.56632318e-20,1.20531531e-18,1.0282299e-23,0.767090551,2.6426953e-25,4.72892328e-35,5.94091656e-33,-4.64706515e-38,-1.88565914e-33
0.02071875,-0.134886314,9.08014594,-251.284305,300.00124,1.17196452,5.85217485e-08,5.59363679e-20,4.29869604e-12,0.232909183,5.10970806e-11,1.05665117e-07,1.12036258e-12,4.50423069e-12,-1.18678215e-27,-1.65779401e-38,5.06819917e-31,3.18242504e-37,1.39886266e-27,-9.36587603e-25,1.26175101e-10,7.76527281e-10,2.38492117e-31,8.73760821e-24,1.01184807e-38,5.06058147e-34,1.83473606e-28,-1.86496061e-50,-8.67804619e-30,9.28804684e-41,1.41725706e-29,-3.94646292e-35,-8.25313575e-28,3.94509358e-41,5.3616622e-31,4.02143809e-33,1.17185618e-26,8.59262426e-26,3.28079724e-19,2.04412642e-19,1.9751752e-28,2.57053126e-11,3.59868257e-12,1.16575177e-14,1.27077232e-16,-2.22653564e-36,3.69770223e-19,7.59861016e-24,4.05881406e-39,9.55154892e-22,5.93299964e-21,4.56555543e-19,3.90672606e-24,0.767090652,1.15115123e-25,1.46120196e-35,1.82976978e-33,-1.14872403e-38,-9.4104313e-34
0.02090625,-0.138256635,8.89670591,-251.284305,300.000568,1.17196742,4.32914557e-08,2.22149371e-20,2.35914955e-12,0.232909201,2.78013947e-11,4.87277318e-08,4.98206384e-13,1.96993457e-12,7.27633563e-27,8.68533666e-39,3.35249895e-31,8.83985972e-38,7.20822819e-28,-4.29496375e-25,5.53462756e-11,2.90399368e-10,4.16354298e-32,3.25077574e-24,2.05818631e-39,1.16642564e-34,6.7692099e-29,-3.93063666e-51,-3.36165907e-30,1.97527111e-41,5.66052914e-30,-1.02058011e-35,-3.90071341e-28,6.30362465e-42,1.81310715e-31,1.36004973e-33,4.33219863e-27,5.96325858e-26,1.82527706e-19,9.29353753e-20,7.84430994e-29,1.12238195e-11,1.42818339e-12,4.33538993e-15,5.55882989e-17,1.07824536e-36,1.36385783e-19,2.78638351e-24,-8.08623023e-39,3.56212268e-22,2.21263304e-21,1.70266296e-19,1.46137684e-24,0.767090707,4.94357094e-26,4.43833374e-36,5.53971342e-34,-2.71474114e-39,-4.10602938e-34
0.02109375,-0.141558336,8.71326743,-251.284305,300.000256,1.17196884,3.18427813e-08,8.69592138e-21,1.27974928e-12,0.232909209,1.49498366e-11,2.21539919e-08,2.1793466e-13,8.48785739e-13,1.08706869e-27,-1.37755913e-38,6.36556653e-31,4.54055075e-38,3.61513879e-28,-1.94164979e-25,2.39207369e-11,1.0683993e-10,7.06088513e-33,1.18950196e-24,4.08420162e-40,2.57511399e-35,2.45453375e-29,-8.05692143e-52,-1.2814872e-30,4.08045248e-42,2.21216845e-30,-2.54623354e-36,-1.79589675e-28,9.28078065e-43,6.02732364e-32,4.52170462e-34,1.59041772e-27,3.91476383e-27,1.00398875e-19,4.16494378e-20,3.07058402e-29,4.82844498e-12,5.57889075e-13,1.58609621e-15,2.39584978e-17,1.00463751e-37,4.94830751e-20,1.00502757e-24,6.93916404e-39,1.30687208e-22,8.11771131e-22,6.24673234e-20,5.3776946e-25,0.767090736,2.09130724e-26,1.3244115e-36,1.64764239e-34,-6.15035404e-40,-1.65056567e-34
0.02128125,-0.144791332,8.52982967,-251.284305,300.000114,1.17196954,2.32875026e-08,3.35116872e-21,6.85328072e-13,0.232909213,7.93476719e-12,9.90751791e-09,9.35598954e-14,3.59370883e-13,2.85366619e-27,-6.32165403e-39,3.8324e-33,9.96094626e-39,1.76378356e-28,-8.63325711e-26,1.01605941e-11,3.85440749e-11,1.15895809e-33,4.2679196e-25,7.88174311e-41,5.4327711e-36,8.72004239e-30,-1.59883933e-52,-4.7923111e-31,8.15205742e-43,8.43999064e-31,-6.1202179e-37,-8.03682993e-29,1.20274419e-43,1.96280264e-32,1.47264462e-34,5.79277984e-28,4.65996097e-27,5.45341156e-20,1.8355372e-20,1.18314264e-29,2.04126441e-12,2.13854323e-13,5.68970078e-16,1.01479009e-17,8.49638671e-38,1.76020248e-20,3.55390353e-25,-2.421628e-39,4.70142608e-23,2.92031794e-22,2.24723987e-20,1.94047877e-25,0.767090753,8.69167042e-27,3.86846685e-37,4.79671954e-35,-1.33393633e-40,-6.24004666e-35
0.02146875,-0.147955579,8.34639222,-251.284305,300.000049,1.17196989,1.69310705e-08,1.26821958e-21,3.6130578e-13,0.232909215,4.14475028e-12,4.33240025e-09,3.91541432e-14,1.48460252e-13,-1.17024571e-27,-1.36556646e-39,-4.2584416e-33,-3.5747544e-39,8.33986605e-29,-3.7526151e-26,4.21188583e-12,1.34929343e-11,1.82413778e-34,1.48481046e-25,1.46239379e-41,1.08548244e-36,3.0029346e-30,-3.03507058e-53,-1.74107868e-31,1.55512439e-43,3.11602636e-31,-1.40985739e-37,-3.47224775e-29,1.18782291e-44,6.18297611e-33,4.63938899e-35,2.08464284e-28,2.09708625e-26,2.91766382e-20,7.9054819e-21,4.48286698e-30,8.42031143e-13,7.9707322e-14,1.98013189e-16,4.19432248e-18,1.10571052e-39,6.07289461e-21,1.21864769e-25,5.22943942e-39,1.64100913e-23,1.01932229e-22,7.84387776e-21,6.7942959e-26,0.767090763,3.52251243e-27,1.08992161e-37,1.34689796e-35,-2.74192464e-41,-2.22349108e-35
0.02165625,-0.151051058,8.16295491,-251.284305,300.000021,1.17197008,1.22347249e-08,4.65800165e-22,1.86417421e-13,0.232909216,2.11744741e-12,1.82422973e-09,1.56807759e-14,5.8693337e-14,1.19185812e-26,-8.79052283e-41,3.08670672e-32,1.12121708e-39,3.78129803e-29,-1.56968698e-26,1.67168834e-12,4.42951668e-12,2.66586182e-35,4.84232113e-26,2.51645696e-42,2.00961874e-37,9.67202627e-31,-5.30918295e-54,-5.96105182e-32,2.72702981e-44,1.08166174e-31,-3.07206573e-38,-1.42360953e-29,1.99050334e-46,1.79956633e-33,1.35044216e-35,7.28392774e-29,6.85688135e-28,1.52927688e-20,3.27340306e-21,1.64495124e-30,3.32385717e-13,2.80886042e-14,6.45738704e-17,1.65931689e-18,5.60340473e-38,1.96098689e-21,3.90780412e-26,-4.6865956e-41,5.36936375e-24,3.3352113e-23,2.56650815e-21,2.23095023e-26,0.76709077,1.36339732e-27,2.7895045e-38,3.43378432e-36,-5.15707714e-42,-7.26270503e-36
0.02175,-0.152573006,8.07123629,-251.284305,300.000013,1.17197014,1.03867307e-08,2.71747106e-22,1.33514816e-13,0.232909217,1.50891569e-12,1.17655017e-09,9.85215048e-15,3.66202325e-14,-1.13895652e-26,6.51715855e-40,7.0726559e-33,1.00570219e-39,2.53723981e-29,-1.00888684e-26,1.04522992e-12,2.50167754e-12,9.75977735e-36,2.72445681e-26,1.03263815e-42,8.14128811e-38,5.40586806e-31,-2.19236966e-54,-3.44440022e-32,1.12391977e-44,6.28788616e-32,-1.41056784e-38,-9.17441355e-30,-2.93827799e-46,9.51012489e-34,7.13704635e-36,4.16487948e-29,-3.56987106e-28,1.10411248e-20,2.09277165e-21,9.58707511e-31,2.07229487e-13,1.64846806e-14,3.63375916e-17,1.03571623e-18,-3.85248463e-38,1.09757055e-21,2.1788868e-26,-1.86191558e-40,3.02700572e-24,1.88024209e-23,1.44688183e-21,1.26013364e-26,0.767090772,8.41230815e-28,1.37059275e-38,1.68337965e-36,-2.19843398e-42,-4.06034048e-36
0.0219375,-0.155565315,7.88779906,-251.284305,300.000006,1.17197021,7.48424508e-09,1.05583051e-22,6.97579331e-14,0.232909217,7.81197385e-13,5.10798124e-10,4.08629259e-15,1.5022662e-14,-1.42531455e-26,-7.07538243e-41,-2.59893327e-33,-5.28072193e-41,1.17206387e-29,-4.35412188e-27,4.30385691e-13,8.70870818e-13,1.5594137e-36,9.4315253e-27,1.94252005e-43,1.59258044e-38,1.85024664e-31,-4.08850643e-55,-1.24418407e-32,2.10952361e-45,2.28661306e-32,-3.42151049e-39,-3.94610917e-30,-1.56245289e-46,2.97980828e-34,2.23643329e-36,1.48791815e-29,-2.89455716e-28,5.85347386e-21,8.95003416e-22,3.71750297e-31,8.49155856e-14,6.10794716e-15,1.25760604e-17,4.25232445e-19,-1.49101745e-38,3.76585359e-22,7.43043689e-27,1.23336629e-40,1.05068703e-24,6.5264032e-24,5.02219064e-22,4.38754626e-27,0.767090775,3.38716216e-28,3.84020381e-39,4.70070221e-37,-4.38520132e-43,-1.37238564e-36
0.022125,-0.158488839,7.70436186,-251.284305,300.000002,1.17197026,5.36821497e-09,3.9938497e-23,3.61413768e-14,0.232909217,4.01019171e-13,2.19526494e-10,1.67461971e-15,6.09668694e-15,-2.19885118e-27,5.13211566e-41,1.5606355e-33,1.08904111e-40,5.32856072e-30,-1.86009556e-27,1.75352863e-13,2.99602267e-13,2.48389071e-37,3.22345924e-27,3.63208467e-44,2.99029595e-39,6.25673259e-32,-7.56247129e-56,-4.44258495e-33,3.87748744e-46,8.19690267e-33,-8.481552e-40,-1.66820561e-30,-4.502076e-47,9.22074012e-35,6.92096443e-37,5.28579483e-30,-1.45658048e-28,3.07769597e-21,3.78853543e-22,1.43255511e-31,3.44282797e-14,2.23753122e-15,4.30115268e-18,1.72747306e-19,-3.32582511e-39,1.2767941e-22,2.503818e-27,9.53889569e-42,3.60407545e-25,2.2386923e-24,1.72271604e-22,1.50971893e-27,0.767090777,1.34923724e-28,1.06191786e-39,1.29547387e-37,-8.5248497e-44,-4.53259729e-37
0.0223125,-0.161343576,7.52092466,-251.284305,300.000001,1.17197029,3.83335858e-09,8.64490187e-24,1.85727312e-14,0.232909218,2.04170063e-13,9.34259182e-11,6.77562342e-16,2.44846069e-15,-7.70590369e-27,-3.29852851e-41,-6.97498044e-34,-3.49135158e-41,2.38648071e-30,-7.8684904e-28,7.07178899e-14,1.01901848e-13,2.10985835e-38,1.08810088e-27,6.7681995e-45,5.44240752e-40,2.09130854e-32,-1.33949066e-56,-1.56869476e-33,6.98462014e-47,2.89846757e-33,-2.2344802e-40,-6.94089274e-31,-1.0694886e-47,2.81909077e-35,2.11612392e-37,1.86724456e-30,2.23031062e-28,1.60531343e-21,1.58784528e-22,2.97246197e-32,1.38161895e-14,8.10718268e-16,1.45430109e-18,6.94621294e-20,-2.03546646e-39,4.279405e-23,8.34025544e-28,2.95962702e-41,1.22222681e-25,7.5919325e-25,5.84213556e-23,5.13589603e-28,0.767090779,5.31897359e-29,2.89949653e-40,3.52520465e-38,-1.61849094e-44,-1.4662305e-37
0.0225,-0.164129526,7.33748747,-251.284305,300,1.17197031,2.7255354e-09,2.65176882e-24,9.46930179e-15,0.232909218,1.03122543e-13,3.93850288e-11,2.70976499e-16,9.73337885e-16,3.83302944e-27,4.25252467e-41,-3.01170067e-34,-2.89212677e-41,1.05383432e-30,-3.29693635e-28,2.82394256e-14,3.42796427e-14,3.93874653e-39,3.63793424e-28,1.25977564e-45,9.63060672e-41,6.91240447e-33,-2.32785152e-57,-5.47973484e-34,1.23384152e-47,1.01162506e-33,-6.44000576e-41,-2.84557015e-31,-2.29236685e-48,8.51928002e-36,6.3953486e-38,6.56048599e-31,5.96913235e-29,8.3085359e-22,6.59140544e-23,7.06512427e-33,5.48978656e-15,2.90643893e-16,4.86323722e-19,2.76557651e-20,2.80983574e-40,1.41848429e-23,2.74737821e-28,1.67666953e-41,4.09938967e-26,2.54635961e-25,1.95947185e-23,1.72804197e-28,0.76709078,2.07589914e-29,7.82072513e-41,9.47605914e-39,-3.0065334e-45,-4.65431789e-38
0.0226875,-0.166846687,7.15405028,-251.284305,300,1.17197032,1.92975776e-09,9.32727698e-24,4.79115883e-15,0.232909218,5.16844515e-14,1.64518845e-11,1.06999552e-16,3.8309679e-16,6.89703177e-27,-4.99201272e-43,-1.68128113e-34,-1.04712019e-41,4.59191796e-31,-1.36877132e-28,1.11696103e-14,1.14097129e-14,3.56013437e-39,1.20388181e-28,2.34602777e-46,1.65642368e-41,2.26026632e-33,-4.10411686e-58,-1.89435493e-34,2.13889928e-48,3.48703062e-34,-2.04835049e-41,-1.15064949e-31,-4.59330716e-49,2.54581367e-36,1.91124086e-38,2.29276327e-31,9.25246455e-30,4.26801819e-22,2.710943e-23,3.33827684e-32,2.16054038e-15,1.03134005e-16,1.60903649e-19,1.0906095e-20,2.52076416e-40,4.65171396e-24,8.95343131e-29,1.06585399e-41,1.36038977e-26,8.45013977e-26,6.50254226e-24,5.75277055e-29,0.76709078,8.02364171e-30,2.08475903e-41,2.51739184e-39,-5.47128964e-46,-1.45202393e-38
0.022875,-0.16949506,6.97061309,-251.284305,300,1.17197033,1.36078358e-09,-3.91897309e-24,2.40630754e-15,0.232909218,2.57110135e-14,6.81169316e-12,4.01758182e-17,1.49316025e-16,2.94326819e-27,-2.65621234e-42,-1.08116696e-34,-4.44596954e-42,1.97575916e-31,-5.63232235e-29,4.37742398e-15,3.75889165e-15,-5.30475126e-40,3.94533981e-29,4.37509549e-47,2.64537707e-42,7.31443581e-34,-7.01346684e-59,-6.4833868e-35,3.64098293e-49,1.18771946e-34,-7.07911526e-42,-4.59316349e-32,-8.75890685e-50,7.52583099e-37,5.65026773e-39,7.97148353e-32,2.63705134e-30,2.1765562e-22,1.10502367e-23,-1.3047511e-32,8.42463605e-16,3.62365607e-17,5.26912878e-20,4.2612861e-21,5.84424297e-41,1.50977754e-24,2.88773532e-29,-3.35446679e-42,4.4683489e-27,2.77554078e-26,2.13583108e-24,1.89560201e-29,0.767090781,3.07233148e-30,5.49458664e-42,6.61210331e-40,-9.77809715e-47,-4.45771599e-39
0.0230625,-0.172074645,6.78717591,-251.284305,300,1.17197033,9.55804046e-10,3.62581981e-26,1.19993087e-15,0.232909218,1.26980765e-14,2.79628059e-12,1.44380105e-17,5.76371837e-17,2.22379065e-26,8.85578961e-43,-2.14967364e-35,-3.86067193e-43,8.39995851e-32,-2.29780141e-29,1.70035502e-15,1.22616751e-15,-1.40818714e-41,1.28086318e-29,8.17186019e-48,3.86670261e-43,2.34346042e-34,-1.17443367e-59,-2.19753268e-35,6.09004645e-50,3.99960591e-35,-2.58513401e-42,-1.81136428e-32,-1.60562679e-50,2.20168846e-37,1.65308259e-39,2.75823335e-32,4.33983512e-30,1.10219505e-22,4.46544662e-24,-1.09143752e-33,3.25582115e-16,1.26109429e-17,1.70845335e-20,1.65020714e-21,9.14336115e-41,4.85159177e-25,9.22109725e-30,2.38688655e-42,1.45321182e-27,9.02670933e-27,6.94622342e-25,6.18475366e-30,0.767090781,1.16583448e-30,1.43240232e-42,1.71780908e-40,-1.71883679e-47,-1.34818074e-39
0.02325,-0.174585441,6.60373872,-251.284305,300,1.17197034,6.68810133e-10,5.69085088e-25,5.94237264e-16,0.232909218,6.22760378e-15,1.13846896e-12,4.36746192e-18,2.2033041e-17,-1.88104471e-26,5.11136785e-43,1.51148429e-35,1.15402641e-42,3.53091161e-32,-9.29683576e-30,6.54850591e-16,3.96185832e-16,2.24743418e-41,4.12986435e-30,1.52788023e-48,3.93367921e-44,7.43616806e-35,-3.6097166e-61,-7.37924332e-36,1.00153554e-50,1.33222381e-35,-9.72091943e-43,-7.06183123e-33,-2.84892072e-51,6.37669615e-38,4.7880312e-40,9.49490998e-33,8.62558449e-31,5.54362145e-23,1.78949616e-24,3.75144964e-33,1.24745892e-16,4.34861614e-18,5.48673173e-21,6.33574978e-22,-2.50118514e-41,1.54412568e-25,2.91622865e-30,3.61653905e-43,4.68126729e-28,2.90779628e-27,2.23760419e-25,1.99873909e-30,0.767090781,4.38546653e-31,3.69505787e-43,4.41603203e-41,-2.96695052e-48,-4.02064287e-40
0.0234375,-0.177027448,6.42030153,-251.284305,300,1.17197034,4.66289153e-10,-3.91666148e-24,2.92330765e-16,0.232909218,3.03369384e-15,4.59835317e-13,3.71420112e-19,8.33879605e-18,8.13790802e-27,2.1040635e-43,-1.99658125e-36,-7.08098898e-44,1.46827587e-32,-3.73148882e-30,2.50144077e-16,1.26840422e-16,-2.06255643e-41,1.31771847e-30,2.85637159e-49,-4.17529487e-45,2.33781347e-35,-1.18848101e-60,-2.45571553e-36,1.62039376e-51,4.39131771e-36,-3.69800092e-43,-2.72337667e-33,-4.91490243e-52,1.82908819e-38,1.37346304e-40,3.25465364e-33,-3.31327364e-31,2.76997336e-23,7.11372234e-25,-9.24446152e-33,4.74002943e-17,1.48628288e-18,1.7459095e-21,2.41241417e-22,2.9789526e-42,4.8692275e-26,9.13748808e-31,-1.83011866e-43,1.49417472e-28,9.28115283e-28,7.1420225e-26,6.40032509e-31,0.767090782,1.63583525e-31,9.43570442e-44,1.12378281e-41,-5.11492131e-49,-1.18337146e-40
0.023625,-0.179400666,6.23686434,-251.284305,300,1.17197034,3.23963553e-10,-3.84493037e-25,1.4288995e-16,0.232909218,1.46822556e-15,1.8430947e-13,-5.56351374e-19,3.12266768e-18,5.25078303e-26,-2.25764301e-44,3.5095079e-36,1.56420711e-43,6.0432135e-33,-1.48620137e-30,9.48110768e-17,4.02506511e-17,-5.39063047e-42,4.1777557e-31,5.33198535e-50,-3.37420868e-45,7.28432887e-36,2.17846836e-60,-8.10172119e-37,2.58073441e-52,1.43305224e-36,-1.40864476e-43,-1.03946815e-33,-8.27164555e-53,5.19791542e-39,3.90329356e-41,1.11088422e-33,2.92922582e-32,1.37532151e-23,2.80600568e-25,-2.70577544e-33,1.78671343e-17,5.03662317e-19,5.5064877e-22,9.1123377e-23,1.30441466e-41,1.52182529e-26,2.83757419e-31,-2.19949946e-44,4.72704713e-29,2.93623271e-28,2.25948656e-26,2.03145182e-31,0.767090782,6.05257407e-32,2.38610943e-44,2.83198971e-42,-8.61137841e-50,-3.43995964e-41
0.0238125,-0.181705095,6.05342716,-251.284305,300,1.17197035,2.24338411e-10,3.6028366e-25,6.94101711e-17,0.232909218,7.0613303e-16,7.33294845e-14,-8.54171631e-19,1.15553943e-18,-1.43521979e-26,-3.23521507e-44,-7.19187323e-37,-3.45990535e-44,2.46310034e-33,-5.87548603e-31,3.56665015e-17,1.2664504e-17,3.83878323e-43,1.32809554e-31,9.92298e-51,-1.34138115e-45,2.25026832e-36,6.14961621e-61,-2.65063318e-37,4.04847791e-53,4.6319337e-37,-5.34402699e-44,-3.92860615e-34,-1.36185274e-53,1.46397001e-39,1.09939187e-41,3.77288288e-34,-2.41905913e-31,6.78702644e-24,1.09857254e-25,1.75674577e-33,6.68306055e-18,1.69278842e-19,1.72193517e-22,3.41553824e-23,-4.93902632e-43,4.71565164e-27,8.73631349e-32,-3.01822624e-44,1.48276695e-29,9.21029284e-29,7.08749439e-27,6.3930559e-32,0.767090782,2.22201412e-32,5.97765928e-45,7.07004335e-43,-1.29043644e-50,-9.8830279e-42
0.024,-0.183940736,5.86998997,-251.284305,300,1.17197035,1.54870471e-10,-2.14247299e-24,3.35196261e-17,0.232909218,3.37564865e-16,2.89677894e-14,-1.02522521e-18,4.21481023e-19,1.4978682e-26,-7.01542726e-45,2.46072038e-38,5.09334348e-45,9.94610492e-34,-2.30622268e-31,1.3332534e-17,3.95224629e-18,-7.48359922e-43,4.11590322e-32,1.83835528e-51,-5.38574814e-46,6.89424511e-37,3.05071692e-62,-8.60265112e-38,6.25926101e-54,1.48344786e-37,-2.01383631e-44,-1.47088894e-34,-2.1980146e-54,4.08782958e-40,3.06994215e-42,1.27619327e-34,-5.55921969e-32,3.32969135e-24,4.27010952e-26,-9.23824439e-33,2.48123623e-18,5.64450803e-20,5.34059096e-23,1.27076519e-23,5.53304775e-44,1.44921416e-27,2.6675468e-32,-1.98317363e-45,4.61308049e-30,2.86544168e-29,2.20501152e-27,1.99550814e-32,0.767090782,8.09630626e-33,1.48407047e-45,1.74916832e-43,-1.87819667e-51,-2.8080433e-42
0.0241875,-0.186107587,5.68655278,-251.284305,300,1.17197035,1.06610684e-10,1.55730788e-24,1.60965806e-17,0.232909218,1.60440797e-16,1.13652277e-14,-7.64844485e-19,1.50901738e-19,1.7780849e-26,-6.41154977e-45,1.41918841e-37,7.37438795e-45,3.98084415e-34,-8.99022924e-32,4.95868487e-18,1.22370947e-18,1.03642316e-43,1.30928724e-32,3.38623271e-52,-1.6306389e-46,2.09549439e-37,3.72333093e-61,-2.77051362e-38,9.543329e-55,4.70936478e-38,-7.52920061e-45,-5.45769147e-35,-3.48366136e-55,1.1320277e-40,8.50178919e-43,4.29886699e-35,2.16191179e-32,1.62437658e-24,1.64831739e-26,6.67169334e-33,9.14656178e-19,1.86785285e-20,1.64335355e-23,4.69432258e-24,4.54641075e-43,4.41851641e-28,8.08050179e-33,2.96516322e-45,1.42390997e-30,8.84469928e-30,6.80616322e-28,6.17984866e-33,0.767090782,2.92877948e-33,3.65270338e-46,4.29017043e-44,-2.62968707e-52,-7.89490298e-43
0.024375,-0.18820565,5.5031156,-251.284305,300,1.17197035,7.32044686e-11,-2.25376996e-24,7.68784976e-18,0.232909218,7.58373408e-17,4.42987585e-15,-9.05797955e-19,5.25413999e-20,3.30007284e-26,3.02031823e-45,2.78782491e-37,1.48461974e-44,1.5799383e-34,-3.48158634e-32,1.83850956e-18,3.76034674e-19,-9.91151671e-44,4.08089903e-33,6.19458089e-53,-6.200179e-47,6.32079606e-38,2.12718579e-62,-8.85661883e-39,1.43583018e-55,1.48251406e-38,-2.79147945e-45,-2.00765915e-35,-5.42910231e-56,3.11005899e-41,2.33580543e-43,1.44213513e-35,1.00381589e-32,7.88229353e-25,6.32061528e-27,-8.13204344e-33,3.34866518e-19,6.13599685e-21,5.01856483e-24,1.72230061e-24,1.72490428e-43,1.33693755e-28,2.42909869e-33,9.97562907e-46,4.3619866e-31,2.70947326e-30,2.08499087e-28,1.89939918e-33,0.767090782,1.05214114e-33,8.91581301e-47,1.04352294e-44,-1.53524619e-53,-2.19762979e-43
0.0245625,-0.190234924,5.31967841,-251.284305,300,1.17197035,5.01600971e-11,2.08096075e-25,3.65127107e-18,0.232909218,3.56629957e-17,1.71591088e-15,-6.20437418e-19,1.77061661e-20,-8.75610747e-27,1.13943203e-45,-5.25415259e-38,-2.7465095e-45,6.22083994e-35,-1.3398598e-32,6.82845308e-19,1.14718177e-19,2.38594013e-44,1.07455365e-33,1.12480444e-53,-1.61002869e-47,1.89270447e-38,-1.48804669e-62,-2.81121376e-39,2.13332999e-56,4.62965638e-39,-1.02617757e-45,-7.32478219e-36,-8.33746517e-57,8.47951679e-42,6.36873178e-44,4.81914518e-36,-6.1961396e-34,3.80593183e-25,2.40842496e-27,2.32946286e-33,1.21799973e-19,2.00166493e-21,1.52151233e-24,6.27784983e-25,-1.37802288e-44,4.01584111e-29,7.24891085e-34,1.38115066e-45,1.32658792e-31,8.24017779e-31,6.34097251e-29,5.79571426e-34,0.767090782,3.75479506e-34,2.158937e-47,2.51804369e-45,6.05006505e-54,-6.05969684e-44
0.02475,-0.192195409,5.13624122,-251.284305,300,1.17197035,3.43165498e-11,2.31518214e-24,1.72808708e-18,0.232909218,1.66934276e-17,6.6079767e-16,-5.46723531e-19,5.12078992e-21,2.85064184e-26,1.44366701e-47,-3.02826443e-38,-1.58745258e-45,2.43132403e-35,-5.12621754e-33,2.55212686e-19,3.47573468e-20,1.78206001e-44,1.81371535e-34,2.02797442e-54,-4.58026888e-48,5.62826011e-39,-6.18145655e-63,-8.86329964e-40,3.13325616e-57,1.4348088e-39,-3.74051377e-46,-2.65183941e-36,-1.26499196e-57,2.29517857e-42,1.72389837e-44,1.60518321e-36,1.34621583e-33,1.82955617e-25,9.12305152e-28,1.15501834e-32,4.40306568e-20,6.4866544e-22,4.58115687e-25,2.27431174e-25,1.86177834e-44,1.1979185e-29,2.14820374e-34,3.31692749e-46,4.00675503e-32,2.48881912e-31,1.91519334e-29,1.75635679e-34,0.767090782,1.33165511e-34,5.18788119e-48,6.02991337e-46,3.62998934e-54,-1.655994e-44
0.0249375,-0.194087105,4.95280404,-251.284305,300,1.17197035,2.34587034e-11,-4.12994359e-24,8.12493299e-19,0.232909218,7.784812e-18,2.53167045e-16,-8.63583624e-19,5.26325854e-22,-1.38111239e-27,2.86283147e-46,-1.69444984e-38,-8.84940074e-46,9.44017358e-36,-1.95110989e-33,8.84991904e-20,1.04637025e-20,-8.99002986e-45,2.97186349e-35,3.62759329e-55,-3.09594204e-48,1.66286111e-39,-1.03529477e-62,-2.7771362e-40,4.5560544e-58,4.41547288e-40,-1.35220997e-46,-9.53551643e-37,-1.89778523e-58,6.17015965e-43,4.63453108e-45,5.32522414e-37,5.03628486e-34,8.76394242e-26,3.4376981e-28,-1.44812159e-32,1.58293966e-20,2.08932145e-22,1.37054615e-25,8.19399442e-26,2.13229793e-45,3.55037438e-30,6.3250305e-35,-1.82746758e-46,1.20245324e-32,7.46910804e-32,5.74761977e-30,5.28850107e-35,0.767090782,4.69626029e-35,1.23745499e-48,1.43358454e-46,2.02489633e-54,-4.48780024e-45
0.025125,-0.195910012,4.76936685,-251.284305,300,1.17197035,1.60406167e-11,-1.25246261e-24,3.80311646e-19,0.232909218,3.62281408e-18,9.66292199e-17,-3.70292838e-19,-4.25155047e-22,1.98042174e-26,1.17285492e-47,5.97001088e-39,3.14544056e-46,3.64701679e-36,-7.39786118e-34,3.09929959e-20,3.13305534e-21,-1.70690518e-45,-1.54534754e-35,6.44599837e-56,-6.63549486e-49,4.88580019e-40,-5.97503375e-63,-8.65656921e-41,6.57802167e-59,1.35067939e-40,-4.85050589e-47,-3.41257126e-37,-2.80292821e-59,1.64877069e-43,1.23848067e-45,1.76106779e-37,1.61545894e-34,4.19036058e-26,1.29033045e-28,-1.2192394e-32,5.66661111e-21,6.69592943e-23,4.07802914e-26,2.93966696e-26,1.12174161e-45,1.04646949e-30,1.85199348e-35,-5.369561e-47,3.58905191e-33,2.22936041e-32,1.71553496e-30,1.58381663e-35,0.767090782,1.64892618e-35,2.93021754e-49,3.38606352e-47,4.04873752e-55,-1.20721405e-45
0.0253125,-0.19766413,4.58592966,-251.284305,300,1.17197035,1.09876108e-11,8.41802921e-25,1.77307392e-19,0.232909218,1.68806034e-18,3.68615345e-17,-1.01575087e-20,-7.84310224e-23,-5.59801272e-27,-1.97742028e-48,4.93353054e-39,2.59004227e-46,1.4068045e-36,-2.80327611e-34,7.97299555e-21,9.35432707e-22,-1.16923799e-46,-1.31278934e-35,1.15857209e-56,-4.08983566e-50,1.43121763e-40,-4.88215084e-64,-2.6916135e-41,9.49147017e-60,4.11796334e-41,-1.72914653e-47,-1.22187077e-37,-3.99755272e-60,4.38897576e-44,3.29709456e-46,5.80187429e-38,-1.71541398e-35,2.00647624e-26,4.83978972e-29,5.53497481e-33,2.02615536e-21,2.14114359e-23,1.20993257e-26,1.05341597e-26,-3.60316583e-46,3.07525503e-31,5.40621833e-36,-3.17058751e-48,1.06817162e-33,6.63500998e-33,5.10576555e-31,4.72962024e-36,0.767090782,5.78173651e-36,6.8837169e-50,7.96037659e-48,5.17166129e-56,-3.23092957e-46
0.0255,-0.199349459,4.40249248,-251.284305,300,1.17197035,7.55543354e-12,-3.78270019e-28,8.34167018e-20,0.232909218,7.92955806e-19,1.4167258e-17,-3.84180308e-21,-7.89252426e-23,-5.26144272e-32,5.46520363e-54,6.82232274e-45,-4.95428515e-53,5.4643359e-37,-1.07016968e-34,3.75858171e-21,2.80721747e-22,-4.9465446e-50,-3.91626586e-36,2.09466622e-57,-2.05733266e-51,4.21306585e-41,-2.60362841e-69,-8.41585247e-42,1.38971914e-60,1.26143204e-41,-6.15588896e-48,-4.43612614e-38,-5.42976789e-61,1.17259873e-44,8.81091016e-47,1.90872889e-38,-8.64913282e-37,9.68527781e-27,1.82872033e-29,-1.33211534e-36,7.29542609e-22,6.88705593e-24,3.60817791e-27,3.80134873e-27,-2.35862613e-51,9.08185415e-32,1.58581493e-36,-1.49825488e-53,3.19525357e-34,1.98475029e-33,1.52730284e-31,1.41965977e-36,0.767090782,2.0411201e-36,1.61573135e-50,1.87560186e-48,6.94036821e-57,-8.66925194e-47
0.0256875,-0.200965999,4.21905529,-251.284305,300,1.17197035,5.23053781e-12,-1.4542179e-31,4.04582896e-20,0.232909218,3.80728395e-19,5.59539114e-18,-1.42600879e-21,-3.99289389e-23,-2.47392342e-37,8.80920665e-60,1.76241287e-45,1.01009137e-52,2.18120065e-37,-4.1988436e-35,1.39984761e-21,8.6832324e-23,-1.04829493e-53,-1.20421112e-36,3.99869539e-58,-1.91254518e-52,1.27840349e-41,-4.34710441e-71,-2.71156652e-42,2.1472347e-61,3.98006707e-42,-2.22221969e-48,-1.68708307e-38,-6.41843148e-62,3.22880898e-45,2.42774738e-47,6.28555255e-39,-1.6541719e-38,4.77412689e-27,7.10304892e-30,-5.15553091e-40,2.70252287e-22,2.28223833e-24,1.10922837e-27,1.41123488e-27,-1.35722209e-56,2.76464733e-32,4.79506002e-37,-9.32869419e-59,9.85185452e-35,6.11953659e-34,4.70909902e-32,4.39217933e-37,0.767090782,7.41565481e-37,3.88419798e-51,4.55362505e-49,1.04877176e-57,-2.39537303e-47
0.025875,-0.202513751,4.03561811,-251.284305,300,1.17197035,3.65980413e-12,1.23976265e-32,2.05540581e-20,0.232909218,1.91709692e-19,2.37396302e-18,-5.72378679e-22,-2.1472365e-23,1.02483763e-39,2.32510535e-63,8.85684764e-47,2.60127173e-53,9.35670673e-38,-1.77118445e-35,5.64184239e-22,2.97387953e-23,-3.14988014e-55,-4.10282069e-37,8.6139603e-59,-2.4968838e-53,4.305087e-42,-7.77001489e-72,-9.62545097e-43,3.84923948e-62,1.38643917e-42,-8.52837269e-49,-7.17656567e-39,-2.0711731e-63,9.97471375e-46,7.51222495e-48,2.09649153e-39,-2.16755386e-40,2.46025486e-27,2.96993356e-30,4.37746949e-41,1.08408517e-22,8.30365098e-25,3.77918998e-28,5.67172342e-28,1.62651575e-61,9.33643062e-33,1.60977072e-37,-3.5421681e-64,3.36461942e-35,2.08995287e-34,1.60825822e-32,1.50453214e-37,0.767090782,2.92454479e-37,1.05296643e-51,1.25913961e-49,1.8384346e-58,-7.42108202e-48
0.02625,-0.205402886,3.66874373,-251.284305,300,1.17197035,1.83945202e-12,1.82778111e-33,6.08242171e-21,0.232909218,5.59661313e-20,5.38665004e-19,-1.20112428e-22,-6.59169778e-24,9.12146277e-41,-1.04868539e-64,-2.51515986e-47,-2.73664152e-54,2.14841787e-38,-3.98606277e-36,1.1908326e-22,5.03193466e-24,-1.96438732e-56,-6.89453045e-38,5.75835977e-60,-1.13091331e-54,7.12392858e-43,-4.02592667e-73,-1.70818967e-43,2.01461027e-63,2.396684e-43,-1.63713013e-49,-1.55019243e-39,2.94663929e-63,1.46950854e-46,1.11596893e-48,3.4460148e-40,-1.10397882e-42,7.4417164e-28,6.60083951e-31,6.45379958e-42,2.27321268e-23,1.52322971e-25,6.35330643e-29,1.19244203e-28,-6.21371031e-61,1.55072607e-33,2.65297069e-38,2.21424106e-64,5.67189708e-36,3.52313178e-35,2.71111647e-33,2.54635092e-38,0.767090782,5.98930299e-38,1.29663368e-52,1.61834316e-50,9.33332739e-60,-1.09951966e-48
0.026625,-0.208016866,3.30186936,-251.284305,300,1.17197035,9.20763311e-13,2.64898317e-34,1.78522745e-21,0.232909218,1.62037299e-20,1.21088642e-19,-2.49621679e-23,-1.9556155e-24,2.37014439e-41,7.7006871e-66,-2.806697e-47,-8.66895626e-55,4.87022912e-39,-8.88692247e-37,2.48950539e-23,8.42761722e-25,-1.07611391e-57,-1.14677005e-38,3.77206438e-61,-3.56005344e-56,1.16678744e-43,-2.04800398e-74,-3.0009755e-44,1.04093971e-64,4.09731085e-44,-3.03435818e-50,-3.18530242e-40,8.62030208e-64,2.11102355e-47,1.65375325e-49,5.63572927e-41,2.69817654e-45,2.2328256e-28,1.45331506e-31,9.35343242e-43,4.72106588e-24,2.76638028e-26,1.05798146e-29,2.48305795e-29,8.22465279e-62,2.54933876e-34,4.32743821e-39,-3.79498422e-66,9.46400328e-37,5.87862055e-36,4.52370958e-34,4.26573122e-39,0.767090782,1.21474421e-38,1.54559496e-53,2.05763734e-51,4.67196979e-61,-1.60915347e-49
0.027,-0.21035569,2.93499499,-251.284305,300,1.17197035,4.60027093e-13,3.80639968e-35,5.20538727e-22,0.232909218,4.66027181e-21,2.7004459e-20,-5.144718e-24,-5.70389386e-25,1.69344898e-42,4.10576535e-68,-1.21236328e-49,1.97554704e-56,1.09182828e-39,-1.96558257e-37,5.16179178e-24,1.39894442e-25,-5.49191417e-59,-1.89044892e-39,2.42881849e-62,2.09979878e-57,1.89393686e-44,-1.02585841e-75,-5.22601856e-45,5.39322294e-66,6.93757472e-45,-5.3846537e-51,-6.26587377e-41,1.94954067e-64,2.86077648e-48,2.49027215e-50,9.17554172e-42,-5.24967487e-46,6.65642157e-29,3.17417885e-32,1.34402065e-43,9.72421755e-25,4.98060505e-27,1.74846033e-30,5.12808787e-30,-5.00690871e-63,4.15360286e-35,6.99561088e-40,-1.59722743e-67,1.56510338e-37,9.72173046e-37,7.48105527e-35,7.08263475e-40,0.767090782,2.44326892e-39,1.83012688e-54,2.59139018e-52,2.34719154e-62,-2.32980384e-50
0.027375,-0.212419359,2.56812061,-251.284305,300,1.17197035,2.30248777e-13,5.46006569e-36,1.51263883e-22,0.232909218,1.33560515e-21,5.98938975e-21,-1.05389731e-24,-1.66131896e-25,-1.91475335e-42,-1.59034709e-68,1.94629749e-49,5.41890849e-57,2.42712013e-40,-4.32337616e-38,1.06392006e-24,2.30592795e-26,-9.33867486e-60,-3.09450402e-40,1.54600232e-63,9.15600886e-58,3.05247393e-45,-5.08577071e-77,-9.0389234e-46,2.90127342e-67,1.16590549e-45,-8.9874943e-52,-1.18102501e-41,3.87196522e-65,3.2781958e-49,3.96538656e-51,1.48794492e-42,1.57435125e-46,1.97805849e-29,6.89382778e-33,1.92791577e-44,1.99101167e-25,8.90747846e-28,2.876342e-31,1.05277424e-30,-4.26910045e-63,6.71954269e-36,1.12285706e-40,-4.80981751e-69,2.57012484e-38,1.59644796e-37,1.22849687e-35,1.16774023e-40,0.767090782,4.88431855e-40,2.4315105e-55,3.23785834e-53,1.2280322e-63,-3.34358502e-51
0.02775,-0.214207871,2.20124624,-251.284305,300,1.17197035,1.16214553e-13,7.93776662e-37,4.41836647e-23,0.232909218,3.8469835e-22,1.33086385e-21,-2.16016281e-25,-4.95474298e-26,-2.18866588e-43,-1.03960847e-70,-1.88896652e-50,-1.7712316e-57,5.38964007e-41,-9.52610992e-39,2.19506773e-25,3.79574865e-27,-5.74833828e-55,-5.05819522e-41,9.88309522e-65,2.23087095e-58,4.91197707e-46,-2.53175022e-78,-1.5619703e-46,1.71780404e-68,1.95647948e-46,-1.34711092e-52,-2.12339875e-42,6.78505272e-66,1.8224163e-50,7.03982167e-52,2.40388947e-43,1.6070124e-46,5.9101675e-30,1.4996334e-33,2.80278732e-45,4.08028241e-26,1.59215416e-28,4.74817879e-32,2.16334044e-31,-2.26301057e-64,1.08538592e-36,1.79937309e-41,-4.70622508e-71,4.21459953e-39,2.61792295e-38,2.01454117e-36,1.92267151e-41,0.767090782,9.77048273e-41,4.37480851e-56,4.03090566e-54,7.11343735e-65,-4.78078303e-52
0.028125,-0.215721228,1.83437187,-251.284305,300,1.17197035,5.98607339e-14,1.21527661e-37,1.33177303e-23,0.232909218,1.14348723e-22,3.04906659e-22,-4.55586521e-26,-1.59760934e-26,-4.01400601e-44,-1.16993092e-66,-2.28977718e-51,1.67386733e-58,1.23002606e-41,-2.16400805e-39,4.66611934e-26,6.41796057e-28,-4.93619278e-50,-8.49181745e-42,6.70283831e-66,5.18354645e-59,8.11630608e-47,-1.33702337e-79,-2.77458085e-47,1.19455779e-69,3.37301633e-47,-1.48729356e-53,-3.62071917e-43,1.04226583e-66,-5.17838018e-51,1.42582382e-52,3.85870631e-44,-2.98466145e-49,1.82207974e-30,3.3628714e-34,4.29108662e-46,8.61476932e-27,2.92682655e-29,8.13810029e-33,4.57995199e-32,3.2810459e-65,1.80031186e-37,2.96061776e-42,4.74087205e-67,7.09872871e-40,4.40941653e-39,3.39312933e-37,3.2517226e-42,0.767090782,2.01300867e-41,9.6460073e-57,5.1303129e-55,4.85371133e-66,-6.99887012e-53
0.0285,-0.216959429,1.46749749,-251.284305,300,1.17197035,3.21107783e-14,2.15871075e-38,4.46515798e-24,0.232909218,3.78727312e-23,8.01959857e-23,-1.10869746e-26,-6.16479405e-27,-7.86825526e-50,-3.35893868e-62,-1.90450216e-52,2.18097007e-59,3.21322951e-42,-5.64879204e-40,1.14785777e-26,1.28443078e-28,-4.21389465e-45,-1.68850457e-42,5.79919996e-67,1.36638238e-59,1.59071446e-47,-9.26985587e-81,-5.80674656e-48,1.10967884e-70,6.86996671e-48,1.0195159e-54,-6.23341006e-44,1.48851043e-67,-2.62211962e-51,3.43735168e-53,5.95113503e-45,8.6746256e-50,6.2315387e-31,8.67750928e-35,7.62227314e-47,2.106349e-27,6.31819495e-30,1.68664141e-33,1.1225246e-32,-1.87870431e-66,3.54069684e-38,5.78014801e-43,-1.12593944e-61,1.41570592e-40,8.79373945e-40,6.76694865e-38,6.5091747e-43,0.767090782,4.81515664e-42,1.78263115e-57,7.91566009e-56,4.36967166e-67,-1.22745385e-53
0.02925,-0.218610364,0.733748746,-251.284305,300,1.17197035,1.0388971e-14,1.13771629e-39,7.38995986e-25,0.232909218,6.16818239e-24,9.7453916e-24,-1.22673121e-27,-1.09019734e-27,-1.87917459e-50,1.23034972e-56,4.46059159e-53,-2.17105551e-60,3.85231834e-43,-6.80053974e-41,1.28501178e-27,1.12395967e-29,-7.56884667e-40,-1.46639006e-43,1.13206146e-68,1.63792805e-60,1.35831308e-48,-1.39290392e-82,-5.35571834e-49,2.02208843e-72,6.12762896e-49,7.1536943e-55,-2.16228106e-45,-8.96114725e-71,-2.21123672e-52,2.82785735e-54,3.85980008e-46,1.92661494e-49,1.05866611e-31,1.02993635e-35,4.01721801e-48,2.34061607e-28,6.04525945e-31,1.57817795e-34,1.25105193e-33,5.086796e-68,3.03576176e-39,4.91359385e-44,1.986697e-61,1.23376095e-41,7.66357772e-41,5.89726784e-39,5.69746548e-44,0.767090782,5.21022852e-43,2.77609392e-59,5.13710251e-57,6.91659543e-69,-9.20729422e-55
0.03,-0.219160675,0,-251.284305,300,1.17197035,3.35733268e-15,4.87120858e-40,1.2210215e-25,0.232909218,1.00273603e-24,1.18197003e-24,-1.37249805e-28,-1.2122276e-28,-9.95209549e-52,-1.72133843e-57,1.14845759e-54,-4.20143407e-61,4.64377859e-44,-8.17120627e-42,1.43570392e-28,9.81479945e-31,-1.38978679e-34,-1.27082885e-44,9.74260149e-70,1.40965004e-61,1.15741419e-49,-1.29428832e-83,-4.92949744e-50,1.81338842e-73,5.44967641e-50,5.94077846e-56,-1.78185769e-46,-1.10520548e-71,-1.69207148e-53,2.12354321e-55,5.94438972e-47,3.83557497e-50,1.79543663e-32,1.22004937e-36,4.45335364e-49,2.59577552e-29,5.77223159e-32,1.36681593e-35,1.39165245e-34,6.01527446e-68,2.59736977e-40,4.16816836e-45,2.70523276e-62,1.07294869e-42,6.66468305e-42,5.12859952e-40,4.97654802e-45,0.767090782,5.62645083e-44,1.50395355e-60,3.32655343e-58,5.17484892e-70,-6.89030684e-56
